HMMER3/f [3.1b2 | February 2015]
NAME  arCOG01217.faa.final_tree.fa
LENG  96
ALPH  amino
RF    no
MM    no
CONS  yes
CS    no
MAP   yes
DATE  Fri Aug  3 21:13:09 2018
NSEQ  167
EFFN  2.499802
CKSUM 855998769
STATS LOCAL MSV       -9.6128  0.71833
STATS LOCAL VITERBI  -10.2704  0.71833
STATS LOCAL FORWARD   -3.6856  0.71833
HMM          A        C        D        E        F        G        H        I        K        L        M        N        P        Q        R        S        T        V        W        Y   
            m->m     m->i     m->d     i->m     i->i     d->m     d->d
  COMPO   2.52976  4.61226  3.02092  2.57194  3.65700  2.94060  3.84655  2.79755  2.44468  2.58536  3.75850  3.12815  3.27175  3.09633  2.65220  2.69672  2.92993  2.55964  4.36437  3.48935
          2.68647  4.42151  2.77564  2.73110  3.46067  2.40631  3.72276  3.29331  2.67885  2.69334  4.24129  2.90528  2.73698  3.18350  2.89785  2.37840  2.77373  2.98357  4.58698  3.61706
          1.08270  1.12732  1.08643  2.92685  0.05505  0.00000        *
      1   2.65489  4.56301  2.73802  2.56923  3.64926  3.10559  3.79405  3.11084  2.66799  2.67968  2.58760  3.05870  3.94947  3.03216  3.11703  2.78932  2.75355  2.73997  2.90817  3.73429     51 e - - -
          2.68618  4.42225  2.77519  2.73123  3.46354  2.40513  3.72494  3.29354  2.67741  2.69355  4.24690  2.90347  2.73739  3.18146  2.89801  2.37887  2.77519  2.98518  4.58477  3.61503
          0.01890  4.37389  5.09624  0.61958  0.77255  0.91036  0.51480
      2   2.56788  4.65351  3.01139  2.58314  3.53945  3.20284  3.63274  3.06589  2.29599  2.18812  3.18635  3.10794  3.87611  2.96011  2.96641  2.68937  2.90471  2.95453  5.19644  3.14380     52 l - - -
          2.68618  4.42225  2.77519  2.73123  3.46354  2.40513  3.72494  3.29354  2.67741  2.69355  4.24690  2.90347  2.73739  3.18146  2.89801  2.37887  2.77519  2.98518  4.58477  3.61503
          0.01782  4.43217  5.15452  0.61958  0.77255  0.86614  0.54571
      3   2.67041  5.13352  2.67103  2.25744  4.27455  2.44529  3.66975  3.91558  2.01097  3.42622  3.30531  2.92801  3.87235  2.77657  2.60731  2.54216  2.74604  3.50875  5.58362  4.19135     53 k - - -
          2.68618  4.42225  2.77519  2.73123  3.46354  2.40513  3.72494  3.29354  2.67741  2.69355  4.24690  2.90347  2.73739  3.18146  2.89801  2.37887  2.77519  2.98518  4.58477  3.61503
          0.01692  4.48360  5.20595  0.61958  0.77255  0.42384  1.06284
      4   2.70125  5.12570  2.86368  2.25666  4.41291  2.88119  3.75968  3.85982  2.31346  3.40577  2.00707  2.80613  3.95724  2.87909  2.73740  2.67380  2.90173  3.41307  5.59447  3.68525     54 m - - -
          2.68618  4.42225  2.77520  2.73115  3.46354  2.40513  3.72495  3.29354  2.67741  2.69355  4.24690  2.90347  2.73740  3.18147  2.89801  2.37887  2.77520  2.98519  4.58477  3.61503
          0.03231  3.59702  5.42798  0.48809  0.95139  0.47221  0.97716
      5   2.69138  5.22705  2.70003  2.29667  4.54546  3.04653  3.68667  3.98359  1.94242  3.52081  3.45411  2.81453  3.62290  2.86234  2.59056  2.73534  2.94050  2.31286  5.67594  4.28185     56 k - - -
          2.68618  4.42225  2.77519  2.73123  3.46354  2.40513  3.72494  3.29354  2.67741  2.69355  4.24690  2.90347  2.73739  3.18146  2.89801  2.37887  2.77519  2.98518  4.58477  3.61503
          0.01286  4.75605  5.47840  0.61958  0.77255  0.52159  0.90036
      6   2.73162  5.26826  3.05185  1.58939  4.41849  3.09735  3.39393  3.97500  2.05697  3.56715  4.20520  2.98340  3.96069  2.82505  2.29333  2.74077  2.96500  3.65302  5.70616  3.78909     57 e - - -
          2.68618  4.42225  2.77519  2.73123  3.46354  2.40513  3.72494  3.29354  2.67741  2.69355  4.24690  2.90347  2.73739  3.18146  2.89801  2.37887  2.77519  2.98518  4.58477  3.61503
          0.01280  4.76025  5.48259  0.61958  0.77255  0.48530  0.95584
      7   2.75777  3.54292  4.42277  3.82795  2.41625  3.92625  4.23999  2.03550  3.46337  2.33165  3.05202  2.26198  4.29366  3.87418  3.01280  3.22114  2.89956  2.18286  3.93381  3.53375     58 i - - -
          2.68618  4.42225  2.77519  2.73123  3.46354  2.40513  3.72494  3.29354  2.67741  2.69355  4.24690  2.90347  2.73739  3.18146  2.89801  2.37887  2.77519  2.98518  4.58477  3.61503
          0.01265  4.77218  5.49453  0.61958  0.77255  0.50182  0.92996
      8   2.85046  4.54706  5.10885  4.55404  3.60132  4.55539  5.00059  1.45407  4.13324  2.59654  3.51745  4.66402  4.87727  4.62319  4.53289  3.89723  3.21916  0.91286  5.51530  4.31793     59 v - - -
          2.68618  4.42225  2.77519  2.73123  3.46354  2.40513  3.72494  3.29354  2.67741  2.69355  4.24690  2.90347  2.73739  3.18146  2.89801  2.37887  2.77519  2.98518  4.58477  3.61503
          0.01265  4.77218  5.49453  0.61958  0.77255  0.50182  0.92996
      9   3.70392  4.91537  5.74005  5.22056  3.69083  5.21856  5.73608  1.09151  5.12398  1.26422  3.56492  5.37145  5.38111  5.20736  5.18742  4.62134  3.94341  1.54506  5.93176  4.83840     60 i - - -
          2.68618  4.42225  2.77519  2.73123  3.46354  2.40513  3.72494  3.29354  2.67741  2.69355  4.24690  2.90347  2.73739  3.18146  2.89801  2.37887  2.77519  2.98518  4.58477  3.61503
          0.01265  4.77218  5.49453  0.61958  0.77255  0.50182  0.92996
     10   4.72940  5.73333  5.52331  5.39717  2.40677  5.19451  3.99264  4.40347  5.09930  3.57620  4.92798  4.81478  5.49276  4.95023  4.99263  4.65899  4.93894  4.34310  0.59321  1.59226     61 W - - -
          2.68618  4.42225  2.77519  2.73123  3.46354  2.40513  3.72494  3.29354  2.67741  2.69355  4.24690  2.90347  2.73739  3.18146  2.89801  2.37887  2.77519  2.98518  4.58477  3.61503
          0.01265  4.77218  5.49453  0.61958  0.77255  0.50182  0.92996
     11   2.72082  4.62972  3.78466  3.28727  4.02725  3.66288  4.24834  3.35306  3.18153  2.29174  3.97296  3.62478  1.09436  3.54377  3.36735  2.88507  2.79841  3.00519  5.44605  4.21457     62 p - - -
          2.68618  4.42225  2.77519  2.73123  3.46354  2.40513  3.72494  3.29354  2.67741  2.69355  4.24690  2.90347  2.73739  3.18146  2.89801  2.37887  2.77519  2.98518  4.58477  3.61503
          0.01265  4.77218  5.49453  0.61958  0.77255  0.47585  0.97115
     12   1.68485  3.42986  3.10722  2.72505  3.79112  3.68940  3.84724  3.09673  2.79992  2.98387  3.71890  3.09025  4.07501  2.87082  3.14188  2.34395  2.87422  2.47252  5.29920  4.01787     63 a - - -
          2.68618  4.42225  2.77519  2.73123  3.46354  2.40513  3.72494  3.29354  2.67741  2.69355  4.24690  2.90347  2.73739  3.18146  2.89801  2.37887  2.77519  2.98518  4.58477  3.61503
          0.01256  4.77936  5.50171  0.61958  0.77255  0.48576  0.95510
     13   2.77996  5.01722  3.20320  2.25274  3.74217  3.75331  3.99785  3.62152  2.94230  3.25594  4.13542  2.86319  4.20149  3.26891  3.36594  3.07454  3.24903  3.34593  5.30459  1.15134     64 y - - -
          2.68618  4.42225  2.77519  2.73123  3.46354  2.40513  3.72494  3.29354  2.67741  2.69355  4.24690  2.90347  2.73739  3.18146  2.89801  2.37887  2.77519  2.98518  4.58477  3.61503
          0.01256  4.77936  5.50171  0.61958  0.77255  0.48576  0.95510
     14   3.87869  5.11404  5.76305  5.20185  1.23649  5.19569  5.32600  1.74612  5.05059  1.16642  3.24799  5.30991  5.29959  4.96026  5.00900  4.56937  4.08816  2.76935  5.41738  4.21508     65 l - - -
          2.68618  4.42225  2.77519  2.73123  3.46354  2.40513  3.72494  3.29354  2.67741  2.69355  4.24690  2.90347  2.73739  3.18146  2.89801  2.37887  2.77519  2.98518  4.58477  3.61503
          0.01256  4.77936  5.50171  0.61958  0.77255  0.48576  0.95510
     15   2.93447  5.28679  1.08717  2.57729  3.99716  3.61628  3.91656  3.75189  2.73954  3.49158  4.38977  2.51280  4.07621  3.05396  3.23550  2.84549  3.02765  3.65390  5.77760  4.38217     66 d - - -
          2.68618  4.42225  2.77519  2.73123  3.46354  2.40513  3.72494  3.29354  2.67741  2.69355  4.24690  2.90347  2.73739  3.18146  2.89801  2.37887  2.77519  2.98518  4.58477  3.61503
          0.01256  4.77936  5.50171  0.61958  0.77255  0.48576  0.95510
     16   1.60244  4.35852  3.25418  2.64670  4.12861  3.47173  3.85765  3.44137  2.36017  2.96665  3.99038  3.20255  3.88145  2.96818  2.96972  2.06579  3.02665  2.96133  5.43137  4.11627     67 a - - -
          2.68618  4.42225  2.77519  2.73123  3.46354  2.40513  3.72494  3.29354  2.67741  2.69355  4.24690  2.90347  2.73739  3.18146  2.89801  2.37887  2.77519  2.98518  4.58477  3.61503
          0.06482  4.77936  2.91212  0.61958  0.77255  0.48576  0.95510
     17   2.58922  5.28503  2.31414  2.24087  4.62837  3.42976  3.64828  4.11344  2.23326  3.58940  4.32649  2.50393  3.94275  2.68091  2.33592  2.37685  2.51636  3.67481  5.71831  4.30781     68 k - - -
          2.68618  4.42225  2.77519  2.73123  3.46354  2.40513  3.72494  3.29354  2.67741  2.69355  4.24690  2.90347  2.73739  3.18146  2.89801  2.37887  2.77519  2.98518  4.58477  3.61503
          0.01323  4.72778  5.45012  0.61958  0.77255  0.42387  1.06280
     18   2.79609  4.42938  3.32632  2.89559  3.78432  3.71461  3.79798  2.87717  2.25074  1.63446  3.74276  3.09715  3.51914  3.19435  2.74829  2.83576  3.00046  2.74162  5.23760  3.57831     69 l - - -
          2.68618  4.42225  2.77519  2.73123  3.46354  2.40513  3.72494  3.29354  2.67741  2.69355  4.24690  2.90347  2.73739  3.18146  2.89801  2.37887  2.77519  2.98518  4.58477  3.61503
          0.01256  4.77936  5.50171  0.61958  0.77255  0.48576  0.95510
     19   2.76531  5.03228  3.20979  2.64304  4.38057  3.60313  3.88156  3.80678  2.40155  3.39162  4.01259  3.18491  2.90196  3.02352  3.11462  1.50152  2.02056  3.44877  5.61176  4.27149     70 s - - -
          2.68618  4.42225  2.77519  2.73123  3.46354  2.40513  3.72494  3.29354  2.67741  2.69355  4.24690  2.90347  2.73739  3.18146  2.89801  2.37887  2.77519  2.98518  4.58477  3.61503
          0.01256  4.77936  5.50171  0.61958  0.77255  0.48576  0.95510
     20   3.71431  5.72757  4.39685  3.47478  5.26130  4.27519  4.04044  4.24460  1.83443  3.55549  4.81460  3.79022  4.58939  3.17126  0.62500  3.70289  3.82090  4.24813  5.89805  4.81381     71 R - - -
          2.68618  4.42225  2.77519  2.73123  3.46354  2.40513  3.72494  3.29354  2.67741  2.69355  4.24690  2.90347  2.73739  3.18146  2.89801  2.37887  2.77519  2.98518  4.58477  3.61503
          0.01256  4.77936  5.50171  0.61958  0.77255  0.48576  0.95510
     21   2.55117  5.27829  3.07926  2.50070  4.61371  3.19841  3.72395  4.08196  1.99782  3.57624  4.32931  2.76197  3.98916  2.85543  2.37063  1.63081  2.99861  3.66543  5.71771  4.32741     72 s - - -
          2.68618  4.42225  2.77519  2.73123  3.46354  2.40513  3.72494  3.29354  2.67741  2.69355  4.24690  2.90347  2.73739  3.18146  2.89801  2.37887  2.77519  2.98518  4.58477  3.61503
          0.02206  4.77936  4.31121  0.61958  0.77255  0.48576  0.95510
     22   2.28012  5.25569  2.75940  1.74194  4.17079  3.56767  3.67987  4.05694  2.13104  3.13494  4.30106  2.95817  3.96098  2.65603  2.83430  2.71425  3.01897  3.63689  5.69886  3.05112     73 e - - -
          2.68618  4.42225  2.77519  2.73123  3.46354  2.40513  3.72494  3.29354  2.67741  2.69355  4.24690  2.90347  2.73739  3.18146  2.89801  2.37887  2.77519  2.98518  4.58477  3.61503
          0.01268  4.76998  5.49233  0.61958  0.77255  0.47291  0.97600
     23   3.86320  5.53254  4.78413  4.65231  4.99028  0.18680  5.45019  5.15401  4.63004  4.67585  5.69668  4.81070  4.97252  5.01101  4.78084  4.05872  4.34449  4.69979  4.39924  5.03974     74 G - - -
          2.68618  4.42225  2.77519  2.73123  3.46354  2.40513  3.72494  3.29354  2.67741  2.69355  4.24690  2.90347  2.73739  3.18146  2.89801  2.37887  2.77519  2.98518  4.58477  3.61503
          0.01256  4.77936  5.50171  0.61958  0.77255  0.48576  0.95510
     24   4.36487  5.96343  4.96013  4.37836  5.57814  4.55580  4.91883  5.27659  3.16937  4.62136  5.65863  4.63941  5.07229  4.15381  0.20268  4.45067  4.60687  4.97072  6.32258  5.39737     75 R - - -
          2.68618  4.42225  2.77519  2.73123  3.46354  2.40513  3.72494  3.29354  2.67741  2.69355  4.24690  2.90347  2.73739  3.18146  2.89801  2.37887  2.77519  2.98518  4.58477  3.61503
          0.01256  4.77936  5.50171  0.61958  0.77255  0.48576  0.95510
     25   2.77145  5.12657  3.26390  2.62616  4.40381  3.68200  3.83832  3.25830  1.84496  3.04079  4.19289  3.19672  4.06561  2.93221  1.50956  2.81584  2.95829  3.20223  5.58779  4.26385     76 r - - -
          2.68618  4.42225  2.77519  2.73123  3.46354  2.40513  3.72494  3.29354  2.67741  2.69355  4.24690  2.90347  2.73739  3.18146  2.89801  2.37887  2.77519  2.98518  4.58477  3.61503
          0.01256  4.77936  5.50171  0.61958  0.77255  0.48576  0.95510
     26   3.35786  4.70562  5.45505  4.92828  3.65587  4.90024  5.42401  1.54998  4.81653  1.95982  3.76021  5.03861  5.16753  5.00659  4.92103  4.27447  3.31136  0.83624  5.83092  4.64535     77 v - - -
          2.68618  4.42225  2.77519  2.73123  3.46354  2.40513  3.72494  3.29354  2.67741  2.69355  4.24690  2.90347  2.73739  3.18146  2.89801  2.37887  2.77519  2.98518  4.58477  3.61503
          0.01256  4.77936  5.50171  0.61958  0.77255  0.48576  0.95510
     27   2.04335  5.13167  3.13132  2.59708  4.47927  3.18538  3.83430  3.92562  2.43016  3.40940  4.25342  2.85416  1.91282  2.95779  2.90432  2.19247  3.05130  3.54109  5.66288  4.29630     78 p - - -
          2.68618  4.42225  2.77519  2.73123  3.46354  2.40513  3.72494  3.29354  2.67741  2.69355  4.24690  2.90347  2.73739  3.18146  2.89801  2.37887  2.77519  2.98518  4.58477  3.61503
          0.01256  4.77936  5.50171  0.61958  0.77255  0.48576  0.95510
     28   2.79955  5.21209  3.09248  2.44888  4.52092  3.60039  3.67115  3.97486  1.70850  2.85869  3.95214  3.08619  3.99100  2.70885  2.12893  2.65376  2.39871  3.39234  5.66269  4.28610     79 k - - -
          2.68618  4.42225  2.77519  2.73123  3.46354  2.40513  3.72494  3.29354  2.67741  2.69355  4.24690  2.90347  2.73739  3.18146  2.89801  2.37887  2.77519  2.98518  4.58477  3.61503
          0.01256  4.77936  5.50171  0.61958  0.77255  0.48576  0.95510
     29   2.70270  5.28951  2.02963  1.96605  4.62937  3.37351  3.75399  3.73075  2.36486  3.46097  4.11998  2.62955  3.95959  2.77516  2.76953  2.26975  2.80961  3.60732  5.72525  4.31732     80 e - - -
          2.68618  4.42225  2.77519  2.73123  3.46354  2.40513  3.72494  3.29354  2.67741  2.69355  4.24690  2.90347  2.73739  3.18146  2.89801  2.37887  2.77519  2.98518  4.58477  3.61503
          0.06482  4.77936  2.91212  0.61958  0.77255  0.48576  0.95510
     30   2.55146  4.00874  3.58964  3.34987  2.73435  3.85783  3.65690  2.50310  3.14879  1.50890  3.02543  3.64447  4.22933  3.47671  3.64946  2.91936  2.95026  2.38807  4.90283  3.44976     81 l - - -
          2.68618  4.42225  2.77519  2.73123  3.46354  2.40513  3.72494  3.29354  2.67741  2.69355  4.24690  2.90347  2.73739  3.18146  2.89801  2.37887  2.77519  2.98518  4.58477  3.61503
          0.01958  4.72778  4.55184  0.61958  0.77255  0.49077  0.94714
     31   0.82573  2.83093  4.26223  3.82168  4.48193  2.39551  4.69372  3.87995  3.76557  3.37549  4.42663  3.87670  3.57412  4.02475  4.04479  2.37479  3.12580  3.42312  5.88274  4.69756     82 a - - -
          2.68618  4.42225  2.77519  2.73123  3.46354  2.40513  3.72494  3.29354  2.67741  2.69355  4.24690  2.90347  2.73739  3.18146  2.89801  2.37887  2.77519  2.98518  4.58477  3.61503
          0.01291  4.75220  5.47455  0.61958  0.77255  0.52301  0.89829
     32   2.71358  4.27929  4.49180  3.76855  3.39352  3.99742  4.32090  2.13843  3.74807  2.36811  3.34047  4.04251  4.36090  3.80716  3.74777  3.29658  2.85304  1.07800  4.92907  3.45613     83 v - - -
          2.68618  4.42225  2.77519  2.73123  3.46354  2.40513  3.72494  3.29354  2.67741  2.69355  4.24690  2.90347  2.73739  3.18146  2.89801  2.37887  2.77519  2.98518  4.58477  3.61503
          0.05440  4.76259  3.11453  0.61958  0.77255  0.53186  0.88554
     33   2.65408  5.26411  2.56546  2.06198  3.79897  3.54579  3.73387  4.08335  2.15228  3.47212  4.30665  2.82884  3.00108  2.74069  2.63985  2.50117  2.32975  3.62592  5.70091  4.29415     84 e - - -
          2.68618  4.42225  2.77519  2.73123  3.46354  2.40513  3.72494  3.29354  2.67741  2.69355  4.24690  2.90347  2.73739  3.18146  2.89801  2.37887  2.77519  2.98518  4.58477  3.61503
          0.01331  4.72150  5.44385  0.61958  0.77255  0.41325  1.08322
     34   2.59751  5.31306  2.64837  1.88342  4.65698  3.24039  3.65467  4.14301  2.05501  3.61769  4.35463  2.29504  3.96546  2.82293  2.66512  2.32138  2.96091  3.70320  5.74574  4.33397     85 e - - -
          2.68618  4.42225  2.77519  2.73123  3.46354  2.40513  3.72494  3.29354  2.67741  2.69355  4.24690  2.90347  2.73739  3.18146  2.89801  2.37887  2.77519  2.98518  4.58477  3.61503
          0.01251  4.78358  5.50593  0.61958  0.77255  0.48576  0.95510
     35   3.11611  4.62367  4.43237  3.87669  3.33709  4.20973  4.57894  2.32465  3.77798  2.36308  3.49590  4.15755  1.05928  4.03447  4.02336  3.51722  3.36886  2.08944  5.30794  4.09269     86 p - - -
          2.68618  4.42225  2.77519  2.73123  3.46354  2.40513  3.72494  3.29354  2.67741  2.69355  4.24690  2.90347  2.73739  3.18146  2.89801  2.37887  2.77519  2.98518  4.58477  3.61503
          0.01246  4.78719  5.50954  0.61958  0.77255  0.48576  0.95510
     36   2.29821  5.26703  2.82801  2.45321  4.59640  3.42450  3.70613  4.07077  1.90351  3.48618  4.31245  2.98086  3.96844  2.80513  2.68914  2.27754  2.06388  3.59171  5.70922  4.30880     87 k - - -
          2.68618  4.42225  2.77519  2.73123  3.46354  2.40513  3.72494  3.29354  2.67741  2.69355  4.24690  2.90347  2.73739  3.18146  2.89801  2.37887  2.77519  2.98518  4.58477  3.61503
          0.01246  4.78719  5.50954  0.61958  0.77255  0.48576  0.95510
     37   2.79155  4.23449  4.27529  3.77132  3.10073  3.96783  4.29040  2.11252  3.78878  1.57897  3.24790  4.04984  3.60819  3.84567  3.87976  3.26910  2.78781  1.60029  4.85954  3.67757     88 l - - -
          2.68618  4.42225  2.77519  2.73123  3.46354  2.40513  3.72494  3.29354  2.67741  2.69355  4.24690  2.90347  2.73739  3.18146  2.89801  2.37887  2.77519  2.98518  4.58477  3.61503
          0.01246  4.78719  5.50954  0.61958  0.77255  0.48576  0.95510
     38   2.71048  5.31544  2.00264  2.02372  4.65990  3.48109  3.68610  4.14616  2.01650  3.62020  4.23287  2.79372  3.86771  2.37000  2.80994  2.53033  3.00351  3.70587  5.74770  4.33583     89 d - - -
          2.68618  4.42225  2.77519  2.73123  3.46354  2.40513  3.72494  3.29354  2.67741  2.69355  4.24690  2.90347  2.73739  3.18146  2.89801  2.37887  2.77519  2.98518  4.58477  3.61503
          0.01246  4.78719  5.50954  0.61958  0.77255  0.48576  0.95510
     39   2.82667  5.34478  2.36310  1.16331  4.67071  3.58840  3.81678  4.00049  2.57947  3.59755  3.99197  2.89742  4.00932  2.92463  2.94040  2.75768  3.04751  3.72600  5.78736  4.37822     90 e - - -
          2.68618  4.42225  2.77519  2.73123  3.46354  2.40513  3.72494  3.29354  2.67741  2.69355  4.24690  2.90347  2.73739  3.18146  2.89801  2.37887  2.77519  2.98518  4.58477  3.61503
          0.01246  4.78719  5.50954  0.61958  0.77255  0.48576  0.95510
     40   3.74965  4.95342  5.78282  5.26862  3.83693  5.28651  5.82161  0.79924  5.17653  1.50734  3.40606  5.43608  5.43367  5.26094  5.24719  4.69724  3.98955  1.80214  5.99359  4.91043     91 i - - -
          2.68618  4.42225  2.77519  2.73123  3.46354  2.40513  3.72494  3.29354  2.67741  2.69355  4.24690  2.90347  2.73739  3.18146  2.89801  2.37887  2.77519  2.98518  4.58477  3.61503
          0.01246  4.78719  5.50954  0.61958  0.77255  0.48576  0.95510
     41   1.72722  4.58013  3.58956  2.39897  3.51042  3.68565  4.00053  2.78929  2.77067  2.60915  3.61790  3.41499  4.13698  3.29876  3.16343  2.88168  2.97730  2.09229  5.15392  3.45633     92 a - - -
          2.68618  4.42225  2.77519  2.73123  3.46354  2.40513  3.72494  3.29354  2.67741  2.69355  4.24690  2.90347  2.73739  3.18146  2.89801  2.37887  2.77519  2.98518  4.58477  3.61503
          0.01246  4.78719  5.50954  0.61958  0.77255  0.48576  0.95510
     42   2.75766  5.30286  2.50011  2.02751  4.64637  3.52486  3.75654  3.99996  1.86640  3.50160  4.34416  2.82634  3.96273  2.68415  2.64905  2.37534  2.43348  3.69271  5.73613  4.32628     93 k - - -
          2.68618  4.42225  2.77519  2.73123  3.46354  2.40513  3.72494  3.29354  2.67741  2.69355  4.24690  2.90347  2.73739  3.18146  2.89801  2.37887  2.77519  2.98518  4.58477  3.61503
          0.01246  4.78719  5.50954  0.61958  0.77255  0.48576  0.95510
     43   1.00517  4.58574  3.74891  3.21332  3.89820  3.50637  4.17043  2.82482  2.87934  2.96247  3.84858  3.57891  4.17322  3.47580  3.50944  2.82516  2.91476  2.70964  5.32544  4.09059     94 a - - -
          2.68618  4.42225  2.77519  2.73123  3.46354  2.40513  3.72494  3.29354  2.67741  2.69355  4.24690  2.90347  2.73739  3.18146  2.89801  2.37887  2.77519  2.98518  4.58477  3.61503
          0.01246  4.78719  5.50954  0.61958  0.77255  0.48576  0.95510
     44   1.74796  3.28174  4.65197  4.06223  3.43150  4.04768  4.41367  2.37447  3.90047  1.88157  3.43075  4.15155  4.42085  4.07915  3.99429  3.14591  3.03995  1.52168  4.98049  3.79663     95 v - - -
          2.68618  4.42225  2.77519  2.73123  3.46354  2.40513  3.72494  3.29354  2.67741  2.69355  4.24690  2.90347  2.73739  3.18146  2.89801  2.37887  2.77519  2.98518  4.58477  3.61503
          0.01246  4.78719  5.50954  0.61958  0.77255  0.48576  0.95510
     45   2.76518  5.29343  2.93191  2.14573  4.63398  3.46564  3.75775  3.91187  1.83281  3.34010  4.33561  2.93641  3.84763  1.99030  2.43885  2.63993  3.02757  3.43223  5.72805  4.18219     96 k - - -
          2.68618  4.42225  2.77519  2.73123  3.46354  2.40513  3.72494  3.29354  2.67741  2.69355  4.24690  2.90347  2.73739  3.18146  2.89801  2.37887  2.77519  2.98518  4.58477  3.61503
          0.01246  4.78719  5.50954  0.61958  0.77255  0.48576  0.95510
     46   2.33019  5.28206  2.99001  2.24023  4.61814  3.50720  3.75853  3.81236  1.92794  3.51303  4.12269  2.91250  3.96419  2.02481  2.58694  2.52950  2.86586  3.56118  5.71991  4.18072     97 k - - -
          2.68618  4.42225  2.77519  2.73123  3.46354  2.40513  3.72494  3.29354  2.67741  2.69355  4.24690  2.90347  2.73739  3.18146  2.89801  2.37887  2.77519  2.98518  4.58477  3.61503
          0.01246  4.78719  5.50954  0.61958  0.77255  0.48576  0.95510
     47   2.40005  4.09861  4.64989  3.94254  3.34428  4.00820  4.33975  1.96178  3.87085  1.31073  2.83616  3.93605  4.37066  4.03493  3.94007  3.14695  3.08087  2.14475  4.88326  3.70329     98 l - - -
          2.68618  4.42225  2.77519  2.73123  3.46354  2.40513  3.72494  3.29354  2.67741  2.69355  4.24690  2.90347  2.73739  3.18146  2.89801  2.37887  2.77519  2.98518  4.58477  3.61503
          0.01246  4.78719  5.50954  0.61958  0.77255  0.48576  0.95510
     48   3.12290  5.55064  2.68041  2.52834  4.86548  0.98632  3.78944  4.33277  2.55627  3.85136  4.65814  2.79592  4.17311  3.16475  3.20572  2.92178  3.37809  3.93750  6.02161  4.61042     99 g - - -
          2.68618  4.42225  2.77519  2.73123  3.46354  2.40513  3.72494  3.29354  2.67741  2.69355  4.24690  2.90347  2.73739  3.18146  2.89801  2.37887  2.77519  2.98518  4.58477  3.61503
          0.01246  4.78719  5.50954  0.61958  0.77255  0.48576  0.95510
     49   2.89468  4.31993  4.80817  4.20394  2.65448  4.10725  4.24550  2.33619  4.01130  1.48620  2.74724  4.23358  4.45345  4.13980  4.04545  3.41815  3.17233  2.40385  4.87460  1.77329    100 l - - -
          2.68618  4.42225  2.77519  2.73123  3.46354  2.40513  3.72494  3.29354  2.67741  2.69355  4.24690  2.90347  2.73739  3.18146  2.89801  2.37887  2.77519  2.98518  4.58477  3.61503
          0.01246  4.78719  5.50954  0.61958  0.77255  0.48576  0.95510
     50   2.75844  5.32202  1.98947  2.09244  4.66598  3.56996  3.55907  4.15275  2.02962  3.62669  4.36382  2.57238  3.48243  2.65701  2.91389  2.38906  2.89560  3.71223  5.75438  4.34143    101 d - - -
          2.68618  4.42225  2.77519  2.73123  3.46354  2.40513  3.72494  3.29354  2.67741  2.69355  4.24690  2.90347  2.73739  3.18146  2.89801  2.37887  2.77519  2.98518  4.58477  3.61503
          0.01246  4.78719  5.50954  0.61958  0.77255  0.48576  0.95510
     51   1.80035  3.74483  4.38528  3.79299  2.71809  3.92660  3.98838  2.50776  3.65408  2.44752  3.37052  3.95300  2.57744  3.85485  3.79612  3.21930  2.99507  2.05630  4.86809  2.53521    102 a - - -
          2.68618  4.42225  2.77519  2.73123  3.46354  2.40513  3.72494  3.29354  2.67741  2.69355  4.24690  2.90347  2.73739  3.18146  2.89801  2.37887  2.77519  2.98518  4.58477  3.61503
          0.01246  4.78719  5.50954  0.61958  0.77255  0.48576  0.95510
     52   2.71601  4.97031  3.07878  2.04653  4.20114  3.63353  3.83899  2.86618  2.42479  2.95929  4.04321  3.17142  4.02291  2.85113  2.71393  2.68485  2.64153  2.04674  5.47806  4.05806    103 e - - -
          2.68619  4.42226  2.77504  2.73124  3.46355  2.40514  3.72495  3.29355  2.67742  2.69356  4.24691  2.90348  2.73740  3.18147  2.89802  2.37888  2.77520  2.98519  4.58478  3.61504
          0.02839  3.73215  5.50954  0.63858  0.75086  0.48576  0.95510
     53   2.47996  4.55693  3.55072  2.53784  3.61299  3.76536  3.86501  1.87725  2.93947  2.73842  3.65818  3.40236  3.88686  3.03355  3.26654  2.95591  2.68205  1.96831  5.13393  3.71143    106 i - - -
          2.68618  4.42225  2.77519  2.73123  3.46354  2.40513  3.72494  3.29354  2.67741  2.69355  4.24690  2.90347  2.73739  3.18146  2.89801  2.37887  2.77519  2.98518  4.58477  3.61503
          0.03364  4.78719  3.69909  0.61958  0.77255  0.48576  0.95510
     54   2.78779  4.99541  3.01548  1.45315  3.91803  3.61748  3.60827  3.19245  2.50173  2.98348  4.06553  3.08145  4.00746  2.93974  3.01431  2.77283  2.98839  2.71447  5.49655  3.35302    107 e - - -
          2.68622  4.42229  2.77483  2.73111  3.46358  2.40517  3.72498  3.29358  2.67745  2.69359  4.24694  2.90341  2.73744  3.18150  2.89805  2.37891  2.77523  2.98522  4.58481  3.61507
          0.33076  2.00497  1.91762  0.21083  1.66028  0.45798  1.00120
     55   2.64312  5.23215  2.80728  2.10324  4.56922  3.31217  3.38209  3.96377  2.25238  3.34687  4.19662  2.70626  3.10713  2.76632  1.96194  2.65679  2.93889  3.54751  5.30317  4.26388    109 r - - -
          2.68618  4.42225  2.77519  2.73123  3.46354  2.40513  3.72494  3.29354  2.67741  2.69355  4.24690  2.90347  2.73739  3.18146  2.89801  2.37887  2.77519  2.98518  4.58477  3.61503
          0.01830  4.63652  4.77429  0.61958  0.77255  0.34497  1.23182
     56   2.77800  5.41418  1.61455  1.76377  4.74868  3.41613  3.75508  4.23916  2.46465  3.71498  4.46299  2.65843  4.01873  2.83064  3.11022  2.50885  3.04492  3.80015  5.84746  4.07767    110 d - - -
          2.68618  4.42225  2.77519  2.73123  3.46354  2.40513  3.72494  3.29354  2.67741  2.69355  4.24690  2.90347  2.73739  3.18146  2.89801  2.37887  2.77519  2.98518  4.58477  3.61503
          0.01250  4.78397  5.50632  0.61958  0.77255  0.48122  0.96240
     57   2.54627  4.66103  3.19722  2.63547  4.42194  3.45323  3.66970  3.85230  1.16461  3.41378  4.16759  3.09779  4.03046  2.96146  2.91968  2.60302  3.05610  3.18501  5.61234  4.26666    111 k - - -
          2.68618  4.42225  2.77519  2.73123  3.46354  2.40513  3.72494  3.29354  2.67741  2.69355  4.24690  2.90347  2.73739  3.18146  2.89801  2.37887  2.77519  2.98518  4.58477  3.61503
          0.01246  4.78719  5.50954  0.61958  0.77255  0.48576  0.95510
     58   2.34823  4.38356  3.19982  2.61098  4.22715  3.49007  3.48283  3.42348  2.09198  2.61085  4.06179  3.16061  3.89271  2.94935  2.66331  2.29609  2.23720  3.22051  5.49432  3.97015    112 k - - -
          2.68618  4.42225  2.77519  2.73123  3.46354  2.40513  3.72494  3.29354  2.67741  2.69355  4.24690  2.90347  2.73739  3.18146  2.89801  2.37887  2.77519  2.98518  4.58477  3.61503
          0.01246  4.78719  5.50954  0.61958  0.77255  0.48576  0.95510
     59   3.56568  5.22308  4.18079  3.70493  2.43683  4.36962  2.13772  3.82326  3.62998  3.30627  4.35956  2.51970  4.72881  3.88957  3.68460  3.65079  3.79021  3.62449  4.35952  0.94746    113 y - - -
          2.68618  4.42225  2.77519  2.73123  3.46354  2.40513  3.72494  3.29354  2.67741  2.69355  4.24690  2.90347  2.73739  3.18146  2.89801  2.37887  2.77519  2.98518  4.58477  3.61503
          0.01246  4.78719  5.50954  0.61958  0.77255  0.48576  0.95510
     60   2.91542  4.84454  4.02311  3.95419  5.18099  3.55529  5.09048  4.76156  4.14186  4.42141  5.26822  4.03581  0.45881  4.42235  4.37521  2.41425  3.45738  4.06680  6.48288  5.29706    114 P - - -
          2.68618  4.42225  2.77519  2.73123  3.46354  2.40513  3.72494  3.29354  2.67741  2.69355  4.24690  2.90347  2.73739  3.18146  2.89801  2.37887  2.77519  2.98518  4.58477  3.61503
          0.01246  4.78719  5.50954  0.61958  0.77255  0.48576  0.95510
     61   2.33783  5.25002  3.21682  2.64848  4.60618  3.04250  3.83294  4.04667  2.05885  3.55935  4.21347  3.16790  3.75909  2.94844  1.39769  2.67720  3.12207  3.65729  5.70885  4.36110    115 r - - -
          2.68618  4.42225  2.77519  2.73123  3.46354  2.40513  3.72494  3.29354  2.67741  2.69355  4.24690  2.90347  2.73739  3.18146  2.89801  2.37887  2.77519  2.98518  4.58477  3.61503
          0.01246  4.78719  5.50954  0.61958  0.77255  0.48576  0.95510
     62   2.26204  4.32341  2.91880  1.99084  3.78978  3.61153  3.35541  3.44094  2.53364  2.42593  4.04981  3.01178  4.00225  2.85371  2.74366  2.44192  2.93795  3.29928  5.55151  3.90728    116 e - - -
          2.68618  4.42225  2.77519  2.73123  3.46354  2.40513  3.72494  3.29354  2.67741  2.69355  4.24690  2.90347  2.73739  3.18146  2.89801  2.37887  2.77519  2.98518  4.58477  3.61503
          0.19792  4.78719  1.76476  0.61958  0.77255  0.48576  0.95510
     63   2.58653  4.87951  3.18041  2.62580  4.10625  3.35898  3.26962  3.51305  2.50778  3.13361  3.95990  3.01521  2.95481  2.95727  2.83003  2.33972  2.97597  3.20670  2.09462  4.07629    117 w - - -
          2.68618  4.42225  2.77519  2.73123  3.46354  2.40513  3.72494  3.29354  2.67741  2.69355  4.24690  2.90347  2.73739  3.18146  2.89801  2.37887  2.77519  2.98518  4.58477  3.61503
          0.01498  4.60425  5.32660  0.61958  0.77255  0.32658  1.27794
     64   2.57785  4.26683  4.32994  3.69494  2.13568  2.94326  4.17040  2.50192  3.36870  2.44057  3.38242  3.92285  4.12531  3.82005  3.70632  3.14145  2.87434  2.49270  2.17488  2.66128    118 f - - -
          2.68627  4.42234  2.77475  2.73090  3.46363  2.40522  3.72503  3.29344  2.67750  2.69329  4.24699  2.90356  2.73749  3.18155  2.89810  2.37896  2.77529  2.98527  4.58486  3.61512
          0.16690  2.30480  2.91995  0.96128  0.48192  0.48576  0.95510
     65   2.64151  5.28095  2.19557  1.54806  4.61891  3.46464  3.74621  4.05065  2.32540  3.53599  4.25902  2.87815  3.95037  2.78058  2.74440  2.68375  2.96487  3.26635  5.71725  4.30940    122 e - - -
          2.68618  4.42225  2.77519  2.73123  3.46354  2.40513  3.72494  3.29354  2.67741  2.69355  4.24690  2.90347  2.73739  3.18146  2.89801  2.37887  2.77519  2.98518  4.58477  3.61503
          0.01312  4.73602  5.45836  0.61958  0.77255  0.59346  0.80388
     66   2.67581  5.17305  2.90152  2.24201  4.10427  3.18918  3.38448  3.19738  2.13025  2.98115  4.16176  2.84476  2.71084  2.79720  2.81936  2.63074  2.87025  3.19740  5.63308  3.56509    123 k - - -
          2.68618  4.42225  2.77519  2.73123  3.46354  2.40513  3.72494  3.29354  2.67741  2.69355  4.24690  2.90347  2.73739  3.18146  2.89801  2.37887  2.77519  2.98518  4.58477  3.61503
          0.03386  4.73602  3.70822  0.61958  0.77255  0.42387  1.06280
     67   2.78785  3.89651  3.00280  2.32871  4.54370  3.05624  3.76241  3.71272  2.35645  3.51978  4.27536  2.84124  3.63130  2.76129  1.70686  2.35295  2.88138  3.51909  5.67671  4.28431    124 r - - -
          2.68616  4.42234  2.77528  2.73132  3.46359  2.40519  3.72503  3.29358  2.67745  2.69352  4.24698  2.90352  2.73745  3.18143  2.89769  2.37891  2.77510  2.98518  4.58475  3.61461
          0.17237  1.86945  5.49010  0.61809  0.77430  0.45982  0.99804
     68   3.22048  5.38820  3.14643  2.91723  4.94923  0.76032  4.19034  4.37947  2.66334  3.91202  4.76323  3.11567  4.31671  3.21675  2.78656  3.23542  3.51966  3.98597  6.05241  4.75802    127 g - - -
          2.68618  4.42225  2.77519  2.73123  3.46354  2.40513  3.72494  3.29354  2.67741  2.69355  4.24690  2.90347  2.73739  3.18146  2.89801  2.37887  2.77519  2.98518  4.58477  3.61503
          0.01246  4.78719  5.50954  0.61958  0.77255  0.48576  0.95510
     69   2.74957  3.71007  4.06641  3.48685  3.11666  3.87502  4.15907  2.75437  3.39091  2.42866  2.85291  3.77189  4.09859  3.64686  1.55189  3.13101  3.04213  2.54368  4.95044  2.46035    128 r - - -
          2.68618  4.42225  2.77519  2.73123  3.46354  2.40513  3.72494  3.29354  2.67741  2.69355  4.24690  2.90347  2.73739  3.18146  2.89801  2.37887  2.77519  2.98518  4.58477  3.61503
          0.01246  4.78719  5.50954  0.61958  0.77255  0.48576  0.95510
     70   3.17828  4.56629  5.21151  4.64156  3.16225  4.56531  4.96272  1.53465  4.48285  2.00834  3.54900  4.70435  4.86858  4.62852  4.53883  3.90519  3.49712  1.00174  5.39647  3.73250    129 v - - -
          2.68618  4.42225  2.77519  2.73123  3.46354  2.40513  3.72494  3.29354  2.67741  2.69355  4.24690  2.90347  2.73739  3.18146  2.89801  2.37887  2.77519  2.98518  4.58477  3.61503
          0.01246  4.78719  5.50954  0.61958  0.77255  0.48576  0.95510
     71   2.61280  4.28399  4.26980  3.49859  3.29720  3.91007  4.21271  2.18147  2.82614  1.78064  3.04047  3.89062  4.27939  3.78254  3.00206  3.19591  2.88509  1.77649  4.89617  3.57027    130 v - - -
          2.68618  4.42225  2.77519  2.73123  3.46354  2.40513  3.72494  3.29354  2.67741  2.69355  4.24690  2.90347  2.73739  3.18146  2.89801  2.37887  2.77519  2.98518  4.58477  3.61503
          0.01246  4.78719  5.50954  0.61958  0.77255  0.48576  0.95510
     72   3.07649  4.79481  5.60305  5.11822  4.16720  5.12041  5.79634  1.60166  5.04240  2.38286  3.92634  5.26703  5.37188  5.28970  5.20081  4.53190  3.83110  0.63566  6.18471  4.96913    131 V - - -
          2.68618  4.42225  2.77519  2.73123  3.46354  2.40513  3.72494  3.29354  2.67741  2.69355  4.24690  2.90347  2.73739  3.18146  2.89801  2.37887  2.77519  2.98518  4.58477  3.61503
          0.01246  4.78719  5.50954  0.61958  0.77255  0.48576  0.95510
     73   2.68250  5.29478  2.47316  1.87244  4.63600  3.56811  3.61089  4.11924  2.00490  3.36716  4.33649  2.89969  3.52946  2.78119  2.73418  2.67259  2.39577  3.46374  5.72970  3.95905    132 e - - -
          2.68618  4.42225  2.77519  2.73123  3.46354  2.40513  3.72494  3.29354  2.67741  2.69355  4.24690  2.90347  2.73739  3.18146  2.89801  2.37887  2.77519  2.98518  4.58477  3.61503
          0.21172  4.78719  1.70113  0.61958  0.77255  0.48576  0.95510
     74   2.49323  4.87704  2.88090  2.59899  4.10188  2.39970  3.77552  3.09080  2.17829  3.09242  3.95190  3.02186  3.95717  2.93706  3.04745  2.30572  2.84804  3.01764  3.96383  3.44507    133 k - - -
          2.68618  4.42225  2.77519  2.73123  3.46354  2.40513  3.72494  3.29354  2.67741  2.69355  4.24690  2.90347  2.73739  3.18146  2.89801  2.37887  2.77519  2.98518  4.58477  3.61503
          0.06814  4.59066  2.88727  0.61958  0.77255  0.80549  0.59216
     75   1.94714  5.19885  2.65153  2.19825  4.52843  3.38097  3.69020  4.00408  2.07036  3.49802  4.24598  2.74364  2.96135  2.79315  2.88737  2.63682  2.85132  3.46880  5.64185  4.23898    134 a - - -
          2.68618  4.42225  2.77519  2.73123  3.46354  2.40513  3.72494  3.29354  2.67741  2.69355  4.24690  2.90347  2.73739  3.18146  2.89801  2.37887  2.77519  2.98518  4.58477  3.61503
          0.05208  4.54601  3.21539  0.61958  0.77255  0.37183  1.16947
     76   2.72329  5.28504  2.39525  1.83744  4.62742  2.89596  3.08358  4.11231  2.08534  3.58910  4.32684  2.70256  3.94280  2.81148  2.90605  2.60097  2.87413  3.67432  5.71881  3.64731    135 e - - -
          2.68625  4.42235  2.77517  2.73109  3.46349  2.40514  3.72505  3.29345  2.67737  2.69365  4.24700  2.90323  2.73750  3.18157  2.89796  2.37877  2.77530  2.98529  4.58487  3.61503
          0.38821  1.90732  1.75302  0.80428  0.59314  0.41173  1.08621
     77   2.71425  5.10202  2.00296  2.47676  4.25323  3.15803  3.72491  3.17746  2.28181  3.21088  4.06061  2.76680  3.85604  2.80940  2.80706  2.54518  2.58740  3.00984  5.56891  4.19360    142 d - - -
          2.68618  4.42225  2.77519  2.73123  3.46354  2.40513  3.72494  3.29354  2.67741  2.69355  4.24690  2.90347  2.73739  3.18146  2.89801  2.37887  2.77519  2.98518  4.58477  3.61503
          0.28182  4.61456  1.44527  0.61958  0.77255  0.79427  0.60132
     78   2.32816  4.50040  3.18370  2.66868  3.59862  2.84541  3.81088  2.70168  2.60212  2.61337  2.99726  3.14040  3.95867  3.07230  3.14974  2.48951  2.78596  2.52622  4.74624  3.73693    143 a - - -
          2.68618  4.42225  2.77519  2.73123  3.46354  2.40513  3.72494  3.29354  2.67741  2.69355  4.24690  2.90347  2.73739  3.18146  2.89801  2.37887  2.77519  2.98518  4.58477  3.61503
          0.01932  4.35206  5.07441  0.61958  0.77255  0.31597  1.30593
     79   2.72520  5.13525  3.10819  2.57854  4.53035  2.46560  3.82671  3.98706  2.19458  3.52024  4.28854  2.90963  2.91601  2.94457  3.06495  1.92974  2.12417  3.57969  5.69353  4.31803    144 s - - -
          2.68618  4.42225  2.77519  2.73123  3.46354  2.40513  3.72494  3.29354  2.67741  2.69355  4.24690  2.90347  2.73739  3.18146  2.89801  2.37887  2.77519  2.98518  4.58477  3.61503
          0.01306  4.74048  5.46283  0.61958  0.77255  0.52557  0.89458
     80   3.80299  5.79395  4.19281  3.51836  5.39349  4.25766  4.17572  4.74404  0.44472  4.09557  5.01357  3.85371  4.64776  3.31751  2.38138  3.78967  3.94745  4.43028  6.01807  4.94363    145 K - - -
          2.68618  4.42225  2.77519  2.73123  3.46354  2.40513  3.72494  3.29354  2.67741  2.69355  4.24690  2.90347  2.73739  3.18146  2.89801  2.37887  2.77519  2.98518  4.58477  3.61503
          0.01284  4.75757  5.47992  0.61958  0.77255  0.44750  1.01951
     81   2.68964  5.19005  3.09034  2.29327  4.49041  2.95038  3.63649  3.79368  2.48009  2.79665  4.24278  2.15682  3.84027  2.85592  2.63327  2.27461  2.60159  3.38528  5.65045  3.58674    146 n - - -
          2.68618  4.42225  2.77519  2.73123  3.46354  2.40513  3.72494  3.29354  2.67741  2.69355  4.24690  2.90347  2.73739  3.18146  2.89801  2.37887  2.77519  2.98518  4.58477  3.61503
          0.01246  4.78719  5.50954  0.61958  0.77255  0.48576  0.95510
     82   2.66412  5.28889  2.01510  1.96037  4.62772  3.38935  3.56569  3.69875  2.01453  3.53739  4.16921  2.98480  3.96243  2.74551  2.81409  2.57827  2.99989  3.36676  5.72527  3.93731    147 e - - -
          2.68621  4.42228  2.77523  2.73127  3.46357  2.40516  3.72498  3.29357  2.67744  2.69320  4.24693  2.90350  2.73743  3.18129  2.89804  2.37890  2.77523  2.98522  4.58480  3.61506
          0.03907  3.37340  5.50954  0.96508  0.47957  0.48576  0.95510
     83   2.90879  4.30528  4.67785  4.08146  3.09511  4.07376  4.40897  1.93332  3.91403  1.27606  3.37319  4.16886  4.43036  4.08121  3.99657  2.80418  2.45481  2.16926  4.95394  3.77719    152 l - - -
          2.68618  4.42225  2.77519  2.73123  3.46354  2.40513  3.72494  3.29354  2.67741  2.69355  4.24690  2.90347  2.73739  3.18146  2.89801  2.37887  2.77519  2.98518  4.58477  3.61503
          0.01246  4.78719  5.50954  0.61958  0.77255  0.48576  0.95510
     84   2.64937  4.36183  4.85396  4.26026  3.45348  3.57393  4.55221  1.84882  4.08484  1.33180  2.94614  4.32019  4.54424  4.24087  4.14563  3.51509  3.23003  1.69650  5.06119  3.88736    153 l - - -
          2.68618  4.42225  2.77519  2.73123  3.46354  2.40513  3.72494  3.29354  2.67741  2.69355  4.24690  2.90347  2.73739  3.18146  2.89801  2.37887  2.77519  2.98518  4.58477  3.61503
          0.01246  4.78719  5.50954  0.61958  0.77255  0.48576  0.95510
     85   2.60870  5.26264  2.96419  2.48878  4.59057  3.28816  3.76535  3.54305  1.63232  3.48518  3.76777  2.99636  3.79194  2.11611  2.45047  2.72906  2.98985  3.64416  5.70452  4.30727    154 k - - -
          2.68618  4.42225  2.77519  2.73123  3.46354  2.40513  3.72494  3.29354  2.67741  2.69355  4.24690  2.90347  2.73739  3.18146  2.89801  2.37887  2.77519  2.98518  4.58477  3.61503
          0.01246  4.78719  5.50954  0.61958  0.77255  0.48576  0.95510
     86   1.87264  5.06474  3.11401  2.36398  4.32299  3.61278  3.81154  3.23727  2.04546  2.79321  3.09392  3.05509  4.00341  2.73128  2.79576  2.69149  2.94313  3.40784  5.55293  4.20221    155 a - - -
          2.68618  4.42225  2.77519  2.73123  3.46354  2.40513  3.72494  3.29354  2.67741  2.69355  4.24690  2.90347  2.73739  3.18146  2.89801  2.37887  2.77519  2.98518  4.58477  3.61503
          0.01246  4.78719  5.50954  0.61958  0.77255  0.48576  0.95510
     87   3.56270  4.85153  5.74097  5.26071  4.11316  5.25854  5.93497  1.03328  5.19466  1.92099  3.85233  5.41293  5.46010  5.40194  5.33020  4.68304  3.90824  1.06058  6.21792  5.03594    156 i - - -
          2.68618  4.42225  2.77519  2.73123  3.46354  2.40513  3.72494  3.29354  2.67741  2.69355  4.24690  2.90347  2.73739  3.18146  2.89801  2.37887  2.77519  2.98518  4.58477  3.61503
          0.01246  4.78719  5.50954  0.61958  0.77255  0.48576  0.95510
     88   1.54100  3.13679  3.49407  2.81630  3.84102  2.40402  3.80338  3.21557  2.90481  2.90302  3.67077  3.38592  4.10976  3.22858  3.23945  2.57089  2.98552  2.93697  5.24046  3.55716    157 a - - -
          2.68618  4.42225  2.77519  2.73123  3.46354  2.40513  3.72494  3.29354  2.67741  2.69355  4.24690  2.90347  2.73739  3.18146  2.89801  2.37887  2.77519  2.98518  4.58477  3.61503
          0.01246  4.78719  5.50954  0.61958  0.77255  0.48576  0.95510
     89   1.89599  5.28094  2.96605  2.05186  4.61648  3.47003  3.75870  3.86520  2.15401  3.38232  4.23261  2.78885  3.96406  2.40032  2.72257  2.57169  2.85830  3.58768  5.71923  4.31440    158 a - - -
          2.68618  4.42225  2.77519  2.73123  3.46354  2.40513  3.72494  3.29354  2.67741  2.69355  4.24690  2.90347  2.73739  3.18146  2.89801  2.37887  2.77519  2.98518  4.58477  3.61503
          0.03907  4.78719  3.50706  0.61958  0.77255  0.48576  0.95510
     90   2.57627  5.17833  3.08542  2.09439  4.47777  3.42660  3.69298  3.59428  1.84959  3.39873  4.15465  2.85943  3.97157  2.88472  2.76452  2.63339  2.95205  3.41373  5.63883  2.39426    159 k - - -
          2.68618  4.42225  2.77519  2.73123  3.46354  2.40513  3.72494  3.29354  2.67741  2.69355  4.24690  2.90347  2.73739  3.18146  2.89801  2.37887  2.77519  2.98518  4.58477  3.61503
          0.01280  4.76091  5.48326  0.61958  0.77255  0.54320  0.86961
     91   3.66654  4.90897  5.64964  5.09108  3.60635  5.07130  5.47896  1.32448  4.96005  1.05973  2.67786  5.22254  5.23839  4.98573  4.97866  4.44574  3.81273  1.83164  5.68173  4.62762    160 l - - -
          2.68618  4.42225  2.77519  2.73123  3.46354  2.40513  3.72494  3.29354  2.67741  2.69355  4.24690  2.90347  2.73739  3.18146  2.89801  2.37887  2.77519  2.98518  4.58477  3.61503
          0.02182  4.76091  4.34077  0.61958  0.77255  0.54320  0.86961
     92   2.57704  5.17083  3.06524  2.46026  4.46886  2.50005  3.69781  3.54121  2.02250  3.15888  3.88013  2.92745  3.96786  2.64948  2.23384  2.64935  2.89327  3.00839  5.63247  4.25258    161 k - - -
          2.68618  4.42225  2.77519  2.73123  3.46354  2.40513  3.72494  3.29354  2.67741  2.69355  4.24690  2.90347  2.73739  3.18146  2.89801  2.37887  2.77519  2.98518  4.58477  3.61503
          0.04565  4.75200  3.32454  0.61958  0.77255  0.56162  0.84463
     93   2.33146  5.23445  2.87345  1.94688  4.56082  3.26825  3.73940  3.71170  2.16015  3.48163  4.28015  2.88522  3.94341  2.63545  2.57045  2.60605  2.93945  2.60028  5.67838  4.27918    162 e - - -
          2.68618  4.42225  2.77519  2.73123  3.46354  2.40513  3.72494  3.29354  2.67741  2.69355  4.24690  2.90347  2.73739  3.18146  2.89801  2.37887  2.77519  2.98518  4.58477  3.61503
          0.04121  4.71969  3.45917  0.61958  0.77255  0.62446  0.76690
     94   2.71933  4.32632  3.96436  3.27043  3.12319  3.44641  4.10055  2.21647  2.87425  1.64749  2.72900  3.39567  4.19184  3.37564  3.30707  2.82630  2.83028  2.55604  4.92797  3.66320    163 l - - -
          2.68618  4.42225  2.77519  2.73123  3.46354  2.40513  3.72494  3.29354  2.67741  2.69355  4.24690  2.90347  2.73739  3.18146  2.89801  2.37887  2.77519  2.98518  4.58477  3.61503
          0.02913  4.69219  3.93531  0.61958  0.77255  0.67354  0.71314
     95   2.96729  5.37457  3.39244  2.74934  4.75913  3.43944  3.51002  3.99037  2.08656  3.62983  4.43482  3.05135  3.97392  2.85648  1.05558  3.04583  3.26474  3.79315  5.72673  4.44908    164 r - - -
          2.68618  4.42225  2.77519  2.73123  3.46354  2.40513  3.72494  3.29354  2.67741  2.69355  4.24690  2.90347  2.73739  3.18146  2.89801  2.37887  2.77519  2.98518  4.58477  3.61503
          0.08473  4.67699  2.63207  0.61958  0.77255  0.69913  0.68720
     96   2.51053  5.24073  2.84719  1.74862  4.58157  3.03007  3.69938  4.06460  2.06217  3.54374  4.28313  2.89345  3.71840  2.54598  2.63040  2.48103  2.97097  3.62922  5.67515  4.12675    165 e - - -
          2.68638  4.42308  2.77575  2.73155  3.46437  2.40521  3.72549  3.29427  2.67417  2.69428  4.24765  2.90383  2.73798  3.18126  2.89593  2.37884  2.77556  2.98580  4.58560  3.61554
          0.52760  0.89164        *  1.93114  0.15663  0.00000        *
//
