HMMER3/f [3.1b2 | February 2015]
NAME  arCOG00906.faa.final_tree.fa
LENG  57
ALPH  amino
RF    no
MM    no
CONS  yes
CS    no
MAP   yes
DATE  Fri Aug  3 21:10:13 2018
NSEQ  141
EFFN  2.233246
CKSUM 1200427035
STATS LOCAL MSV       -8.5862  0.71900
STATS LOCAL VITERBI   -9.1061  0.71900
STATS LOCAL FORWARD   -4.1622  0.71900
HMM          A        C        D        E        F        G        H        I        K        L        M        N        P        Q        R        S        T        V        W        Y   
            m->m     m->i     m->d     i->m     i->i     d->m     d->d
  COMPO   2.74275  2.96008  2.96923  2.71996  3.53432  3.06617  3.80780  3.26418  2.45863  2.70518  3.54380  3.21519  2.80401  3.19174  2.56264  2.70322  2.88457  3.04295  4.79908  2.96930
          2.68623  4.42230  2.77524  2.73128  3.46359  2.40518  3.72499  3.29332  2.67731  2.69360  4.24476  2.90352  2.73745  3.18151  2.89806  2.37892  2.77524  2.98523  4.58482  3.61508
          0.17858  2.53869  2.47010  0.77474  0.61771  0.00000        *
      1   3.09645  4.71354  4.74800  4.27687  3.62732  4.21193  4.91340  2.55463  4.05900  2.13708  0.83169  4.42677  4.68438  4.34313  4.22220  3.61497  3.31944  2.32601  5.51617  4.37718      5 m - - -
          2.68618  4.42225  2.77519  2.73123  3.46354  2.40513  3.72494  3.29354  2.67741  2.69355  4.24690  2.90347  2.73739  3.18146  2.89801  2.37887  2.77519  2.98518  4.58477  3.61503
          0.01482  4.61510  5.33744  0.61958  0.77255  0.58085  0.81967
      2   2.77776  5.24942  2.79710  2.45330  4.59175  3.46435  3.40045  4.06275  1.51099  3.54522  3.89240  2.83094  3.93837  2.75263  2.16531  2.66833  2.92079  3.63933  5.67594  4.28536      6 k - - -
          2.68618  4.42225  2.77519  2.73123  3.46354  2.40513  3.72494  3.29354  2.67741  2.69355  4.24690  2.90347  2.73739  3.18146  2.89801  2.37887  2.77519  2.98518  4.58477  3.61503
          0.01453  4.63457  5.35692  0.61958  0.77255  0.48011  0.96421
      3   2.64551  4.38608  3.80439  3.23227  2.92993  3.50345  3.92454  2.86394  3.11638  2.59099  2.78570  3.58775  4.06165  3.36899  3.18187  1.76988  2.88596  2.53848  2.74240  3.76217      7 s - - -
          2.68618  4.42225  2.77519  2.73123  3.46354  2.40513  3.72494  3.29354  2.67741  2.69355  4.24690  2.90347  2.73739  3.18146  2.89801  2.37887  2.77519  2.98518  4.58477  3.61503
          0.01393  4.67641  5.39875  0.61958  0.77255  0.53062  0.88732
      4   2.69845  5.08034  2.34100  2.53985  4.35556  3.56816  3.70784  3.35212  2.14107  2.01036  4.14082  2.96696  3.95954  2.72382  2.53884  2.76739  2.99449  3.31143  5.55563  4.19506      8 l - - -
          2.68618  4.42225  2.77519  2.73123  3.46354  2.40513  3.72494  3.29354  2.67741  2.69355  4.24690  2.90347  2.73739  3.18146  2.89801  2.37887  2.77519  2.98518  4.58477  3.61503
          0.01393  4.67641  5.39875  0.61958  0.77255  0.45870  0.99996
      5   3.81311  5.04408  5.73183  5.15947  3.44973  5.19801  5.53326  1.27652  5.01898  1.22754  1.61345  5.33874  5.28663  4.96456  5.00645  4.57892  4.02669  2.54544  5.62378  4.63168      9 l - - -
          2.68618  4.42225  2.77519  2.73123  3.46354  2.40513  3.72494  3.29354  2.67741  2.69355  4.24690  2.90347  2.73739  3.18146  2.89801  2.37887  2.77519  2.98518  4.58477  3.61503
          0.01362  4.69864  5.42099  0.61958  0.77255  0.48576  0.95510
      6   3.33017  5.48747  3.82485  3.08734  4.91789  4.00084  3.61266  4.26510  1.83271  3.61270  3.58610  3.29147  4.34161  3.04115  0.88214  3.32196  3.49031  3.94040  5.76090  4.57894     10 r - - -
          2.68618  4.42225  2.77519  2.73123  3.46354  2.40513  3.72494  3.29354  2.67741  2.69355  4.24690  2.90347  2.73739  3.18146  2.89801  2.37887  2.77519  2.98518  4.58477  3.61503
          0.01362  4.69864  5.42099  0.61958  0.77255  0.48576  0.95510
      7   2.86921  4.58065  3.34381  2.75562  4.21748  3.69592  3.70526  3.39369  1.45202  3.18112  4.05549  3.24557  4.07576  3.01341  2.13181  2.92281  3.09007  2.31482  5.46211  4.04829     11 k - - -
          2.68618  4.42225  2.77519  2.73123  3.46354  2.40513  3.72494  3.29354  2.67741  2.69355  4.24690  2.90347  2.73739  3.18146  2.89801  2.37887  2.77519  2.98518  4.58477  3.61503
          0.01362  4.69864  5.42099  0.61958  0.77255  0.48576  0.95510
      8   3.87376  0.15960  5.41731  5.37404  5.31820  4.25512  5.86816  4.72179  5.26351  4.53264  5.69710  5.20104  5.00174  5.57054  5.21725  4.13920  4.40415  4.37834  6.44082  5.57714     12 C - - -
          2.68618  4.42225  2.77519  2.73123  3.46354  2.40513  3.72494  3.29354  2.67741  2.69355  4.24690  2.90347  2.73739  3.18146  2.89801  2.37887  2.77519  2.98518  4.58477  3.61503
          0.01362  4.69864  5.42099  0.61958  0.77255  0.48576  0.95510
      9   2.52909  4.61981  3.04667  2.46616  4.31697  3.42231  3.70233  3.53667  2.29470  3.29047  3.99513  3.08428  2.50293  2.90486  2.79757  2.03277  2.58580  2.93862  5.53664  4.18044     13 s - - -
          2.68618  4.42225  2.77519  2.73123  3.46354  2.40513  3.72494  3.29354  2.67741  2.69355  4.24690  2.90347  2.73739  3.18146  2.89801  2.37887  2.77519  2.98518  4.58477  3.61503
          0.02185  4.69864  4.38148  0.61958  0.77255  0.48576  0.95510
     10   2.17089  5.23005  2.91578  2.29608  4.55852  3.49199  3.72944  3.49872  1.93526  3.52777  4.27547  2.49329  3.93427  2.80761  2.36395  2.47035  2.99281  3.37390  5.67242  4.27282     14 k - - -
          2.68618  4.42225  2.77519  2.73123  3.46354  2.40513  3.72494  3.29354  2.67741  2.69355  4.24690  2.90347  2.73739  3.18146  2.89801  2.37887  2.77519  2.98518  4.58477  3.61503
          0.01373  4.69053  5.41287  0.61958  0.77255  0.47545  0.97183
     11   2.81502  1.36586  2.90962  3.35863  3.54611  3.78091  4.15310  3.06157  3.29061  2.78131  3.70027  3.68070  4.23254  3.59258  3.50033  3.09963  3.11510  2.83598  2.42959  3.73085     15 c - - -
          2.68627  4.42256  2.77476  2.73079  3.46385  2.40544  3.72303  3.29385  2.67758  2.69386  4.24721  2.90369  2.73768  3.18154  2.89688  2.37893  2.77530  2.98537  4.58508  3.61534
          0.20445  1.71212  5.42099  1.60676  0.22381  0.48576  0.95510
     12   2.77264  4.84881  3.12745  2.54504  4.16591  1.73476  3.46563  3.73270  2.34199  3.31081  4.10868  2.86878  2.51989  2.91857  2.97852  2.78767  3.00367  3.38809  4.98538  4.05826     22 g - - -
          2.68618  4.42225  2.77519  2.73123  3.46354  2.40513  3.72494  3.29354  2.67741  2.69355  4.24690  2.90347  2.73739  3.18146  2.89801  2.37887  2.77519  2.98518  4.58477  3.61503
          0.01362  4.69864  5.42099  0.61958  0.77255  0.48576  0.95510
     13   2.44946  4.75415  3.33041  2.57089  3.94002  3.65490  3.69584  2.97229  2.57393  2.91386  3.84121  3.21394  4.04067  3.03960  1.92826  2.77882  2.69384  2.23455  4.30220  4.00885     23 r - - -
          2.68618  4.42225  2.77519  2.73123  3.46354  2.40513  3.72494  3.29354  2.67741  2.69355  4.24690  2.90347  2.73739  3.18146  2.89801  2.37887  2.77519  2.98518  4.58477  3.61503
          0.01355  4.70389  5.42624  0.61958  0.77255  0.48576  0.95510
     14   4.62016  5.76832  5.15262  5.08208  2.79225  4.86654  4.31058  4.55952  4.93700  3.78739  5.14522  4.87152  5.34371  5.01584  4.92295  4.64760  4.92166  4.47158  4.44612  0.24830     24 Y - - -
          2.68618  4.42225  2.77519  2.73123  3.46354  2.40513  3.72494  3.29354  2.67741  2.69355  4.24690  2.90347  2.73739  3.18146  2.89801  2.37887  2.77519  2.98518  4.58477  3.61503
          0.01355  4.70389  5.42624  0.61958  0.77255  0.48576  0.95510
     15   2.49499  4.56461  4.22261  4.02570  4.91480  3.37072  4.97034  4.23883  4.03166  4.02311  4.86465  3.95359  4.18027  4.30466  4.24242  2.49681  0.52838  3.64511  6.28878  5.13110     25 T - - -
          2.68618  4.42225  2.77519  2.73123  3.46354  2.40513  3.72494  3.29354  2.67741  2.69355  4.24690  2.90347  2.73739  3.18146  2.89801  2.37887  2.77519  2.98518  4.58477  3.61503
          0.01355  4.70389  5.42624  0.61958  0.77255  0.48576  0.95510
     16   4.12136  5.31242  5.95632  5.37567  2.92323  5.50446  5.69027  2.56039  5.24377  0.43223  2.63183  5.62598  5.44901  5.05093  5.17587  4.90741  4.31041  2.94283  5.60934  4.63491     26 L - - -
          2.68618  4.42225  2.77519  2.73123  3.46354  2.40513  3.72494  3.29354  2.67741  2.69355  4.24690  2.90347  2.73739  3.18146  2.89801  2.37887  2.77519  2.98518  4.58477  3.61503
          0.01355  4.70389  5.42624  0.61958  0.77255  0.48576  0.95510
     17   2.59427  5.26476  2.92264  2.27050  4.60360  3.20534  3.66702  4.08355  1.92843  3.51115  4.30794  2.88772  3.93955  2.73962  2.40945  1.86763  2.91155  3.65224  5.69998  4.29503     27 s - - -
          2.68622  4.42233  2.77527  2.73131  3.46362  2.40520  3.72489  3.29362  2.67689  2.69363  4.24697  2.90354  2.73747  3.18150  2.89777  2.37894  2.77506  2.98526  4.58485  3.61511
          0.31446  1.32644  5.42624  0.13220  2.08881  0.48576  0.95510
     18   2.55096  5.26472  1.76996  1.81595  4.34418  3.14992  3.75264  4.06830  2.50413  3.40765  4.31242  2.94086  3.83698  2.82289  2.99766  2.59153  2.92541  3.60989  5.70789  4.10469     29 d - - -
          2.68618  4.42225  2.77519  2.73123  3.46354  2.40513  3.72494  3.29354  2.67741  2.69355  4.24690  2.90347  2.73739  3.18146  2.89801  2.37887  2.77519  2.98518  4.58477  3.61503
          0.01355  4.70389  5.42624  0.61958  0.77255  0.48576  0.95510
     19   2.58606  4.96417  3.12621  2.55020  3.87528  3.59674  3.73005  3.05072  1.99944  3.16026  4.03498  3.07236  3.98644  2.87512  2.48662  2.44984  2.31333  2.69620  5.46697  3.94454     30 k - - -
          2.68618  4.42225  2.77519  2.73123  3.46354  2.40513  3.72494  3.29354  2.67741  2.69355  4.24690  2.90347  2.73739  3.18146  2.89801  2.37887  2.77519  2.98518  4.58477  3.61503
          0.01355  4.70389  5.42624  0.61958  0.77255  0.48576  0.95510
     20   3.88341  0.15787  5.42583  5.38376  5.32873  4.26290  5.87727  4.73490  5.27408  4.54449  5.70923  5.21053  5.00954  5.58081  5.22672  4.14880  4.41407  4.39066  6.44881  5.58739     31 C - - -
          2.68618  4.42225  2.77519  2.73123  3.46354  2.40513  3.72494  3.29354  2.67741  2.69355  4.24690  2.90347  2.73739  3.18146  2.89801  2.37887  2.77519  2.98518  4.58477  3.61503
          0.01623  4.70389  4.95667  0.61958  0.77255  0.48576  0.95510
     21   2.99536  5.04035  3.23301  3.00339  4.67351  3.61244  4.24791  3.96607  2.82529  3.72937  4.58855  3.35023  0.78968  3.28544  3.30969  2.86900  3.35391  3.72005  5.91961  4.62743     32 p - - -
          2.68618  4.42225  2.77519  2.73123  3.46354  2.40513  3.72494  3.29354  2.67741  2.69355  4.24690  2.90347  2.73739  3.18146  2.89801  2.37887  2.77519  2.98518  4.58477  3.61503
          0.02726  4.70125  4.02824  0.61958  0.77255  0.49128  0.94635
     22   2.66634  5.18506  2.71637  2.10210  4.49649  3.50440  3.67218  3.78500  1.96920  3.39197  4.23481  2.92889  3.93889  2.75479  2.70099  2.66500  2.99036  2.58877  5.63818  2.85914     33 k - - -
          2.68618  4.42225  2.77519  2.73123  3.46354  2.40513  3.72494  3.29354  2.67741  2.69355  4.24690  2.90347  2.73739  3.18146  2.89801  2.37887  2.77519  2.98518  4.58477  3.61503
          0.01377  4.68777  5.41011  0.61958  0.77255  0.46567  0.98810
     23   3.88341  0.15787  5.42583  5.38376  5.32873  4.26290  5.87727  4.73490  5.27408  4.54449  5.70923  5.21053  5.00954  5.58081  5.22672  4.14880  4.41407  4.39066  6.44881  5.58739     34 C - - -
          2.68618  4.42225  2.77519  2.73123  3.46354  2.40513  3.72494  3.29354  2.67741  2.69355  4.24690  2.90347  2.73739  3.18146  2.89801  2.37887  2.77519  2.98518  4.58477  3.61503
          0.01355  4.70389  5.42624  0.61958  0.77255  0.48576  0.95510
     24   3.17774  5.62358  2.46898  2.47593  4.97873  0.94769  4.08112  4.46306  2.87895  3.98030  4.80465  2.50841  4.18081  3.23693  3.32058  3.03995  3.45847  4.04977  6.15505  4.71156     35 g - - -
          2.68618  4.42225  2.77519  2.73123  3.46354  2.40513  3.72494  3.29354  2.67741  2.69355  4.24690  2.90347  2.73739  3.18146  2.89801  2.37887  2.77519  2.98518  4.58477  3.61503
          0.01355  4.70389  5.42624  0.61958  0.77255  0.48576  0.95510
     25   2.21821  5.15120  3.05291  2.11162  4.45137  1.78245  3.73345  3.89994  2.46065  3.40997  4.22032  3.03366  3.97196  2.90112  2.92414  2.50927  2.95112  3.46562  5.62841  4.14275     36 g - - -
          2.68618  4.42225  2.77519  2.73123  3.46354  2.40513  3.72494  3.29354  2.67741  2.69355  4.24690  2.90347  2.73739  3.18146  2.89801  2.37887  2.77519  2.98518  4.58477  3.61503
          0.01355  4.70389  5.42624  0.61958  0.77255  0.48576  0.95510
     26   2.64267  5.27662  2.50594  1.77475  4.61846  3.54014  3.73170  4.10257  2.01109  3.36738  4.31867  2.89975  2.82336  2.59894  2.86832  2.65445  2.98531  3.56580  5.71055  4.30075     37 e - - -
          2.68618  4.42225  2.77519  2.73123  3.46354  2.40513  3.72494  3.29354  2.67741  2.69355  4.24690  2.90347  2.73739  3.18146  2.89801  2.37887  2.77519  2.98518  4.58477  3.61503
          0.01355  4.70389  5.42624  0.61958  0.77255  0.48576  0.95510
     27   2.19425  4.27798  4.16503  3.58401  3.39372  3.85457  4.17263  2.72495  3.47408  1.90223  3.39977  3.81806  4.06024  3.70880  3.68012  2.99664  1.75014  2.04495  4.17537  3.70268     38 t - - -
          2.68618  4.42225  2.77519  2.73123  3.46354  2.40513  3.72494  3.29354  2.67741  2.69355  4.24690  2.90347  2.73739  3.18146  2.89801  2.37887  2.77519  2.98518  4.58477  3.61503
          0.01355  4.70389  5.42624  0.61958  0.77255  0.48576  0.95510
     28   2.67031  4.75754  3.32060  2.10684  3.17135  3.38183  3.79204  2.72481  2.32651  2.88732  3.64831  3.18515  4.03655  3.07817  2.70431  2.70592  2.83520  2.39240  5.29856  3.60900     39 e - - -
          2.68618  4.42225  2.77519  2.73123  3.46354  2.40513  3.72494  3.29354  2.67741  2.69355  4.24690  2.90347  2.73739  3.18146  2.89801  2.37887  2.77519  2.98518  4.58477  3.61503
          0.01355  4.70389  5.42624  0.61958  0.77255  0.48576  0.95510
     29   2.65584  4.15550  3.73458  3.16704  3.51127  3.79437  4.06576  2.45338  3.19625  2.53891  3.15720  2.23620  3.93851  3.47475  3.49901  2.85870  2.70797  1.68601  4.98465  3.63072     40 v - - -
          2.68618  4.42225  2.77519  2.73123  3.46354  2.40513  3.72494  3.29354  2.67741  2.69355  4.24690  2.90347  2.73739  3.18146  2.89801  2.37887  2.77519  2.98518  4.58477  3.61503
          0.01355  4.70389  5.42624  0.61958  0.77255  0.48576  0.95510
     30   2.11017  4.57906  3.68528  3.15129  3.97697  3.59370  4.15073  2.91840  3.11619  3.03882  3.91338  3.51627  1.63338  3.42777  3.48887  2.02381  2.89895  2.56710  5.38558  4.14235     41 p - - -
          2.68618  4.42225  2.77519  2.73123  3.46354  2.40513  3.72494  3.29354  2.67741  2.69355  4.24690  2.90347  2.73739  3.18146  2.89801  2.37887  2.77519  2.98518  4.58477  3.61503
          0.01355  4.70389  5.42624  0.61958  0.77255  0.48576  0.95510
     31   2.07055  4.73236  3.35232  2.79118  3.82906  3.66259  1.83694  3.02630  2.46233  2.89746  3.82173  3.20827  4.04842  3.10225  3.18526  2.76421  3.00195  2.86071  5.27540  3.44234     42 h - - -
          2.68618  4.42225  2.77519  2.73123  3.46354  2.40513  3.72494  3.29354  2.67741  2.69355  4.24690  2.90347  2.73739  3.18146  2.89801  2.37887  2.77519  2.98518  4.58477  3.61503
          0.03282  4.70389  3.76224  0.61958  0.77255  0.48576  0.95510
     32   4.14705  5.68919  4.83509  4.82214  5.65081  4.33610  5.75849  5.50184  4.96589  4.98630  6.10999  5.02766  0.13502  5.31798  5.05362  4.35255  4.65196  5.03504  6.53041  5.80060     43 P - - -
          2.68618  4.42225  2.77519  2.73123  3.46354  2.40513  3.72494  3.29354  2.67741  2.69355  4.24690  2.90347  2.73739  3.18146  2.89801  2.37887  2.77519  2.98518  4.58477  3.61503
          0.01381  4.68488  5.40723  0.61958  0.77255  0.46228  0.99383
     33   1.64152  4.73063  3.51657  3.05730  4.33332  3.51816  3.40122  3.73932  3.05133  3.39322  4.23007  3.44526  1.36639  3.39166  3.44739  2.77826  2.88365  3.24181  5.66295  4.38987     44 p - - -
          2.68618  4.42225  2.77519  2.73123  3.46354  2.40513  3.72494  3.29354  2.67741  2.69355  4.24690  2.90347  2.73739  3.18146  2.89801  2.37887  2.77519  2.98518  4.58477  3.61503
          0.01355  4.70389  5.42624  0.61958  0.77255  0.48576  0.95510
     34   3.24858  5.52968  3.59059  2.76612  4.99004  3.91228  3.89064  4.35942  1.51962  3.77394  4.59528  3.39710  2.21536  3.00665  1.35218  3.21766  3.42614  3.99350  5.81444  4.59080     45 r - - -
          2.68618  4.42225  2.77519  2.73123  3.46354  2.40513  3.72494  3.29354  2.67741  2.69355  4.24690  2.90347  2.73739  3.18146  2.89801  2.37887  2.77519  2.98518  4.58477  3.61503
          0.01355  4.70389  5.42624  0.61958  0.77255  0.48576  0.95510
     35   3.79467  5.24738  5.27938  4.96599  0.71065  4.87276  3.97892  3.64728  4.77715  2.92857  4.26857  4.61239  5.17005  4.67822  4.73576  4.23489  4.26216  3.16012  4.10563  1.51693     46 f - - -
          2.68618  4.42225  2.77519  2.73123  3.46354  2.40513  3.72494  3.29354  2.67741  2.69355  4.24690  2.90347  2.73739  3.18146  2.89801  2.37887  2.77519  2.98518  4.58477  3.61503
          0.01355  4.70389  5.42624  0.61958  0.77255  0.48576  0.95510
     36   3.11512  5.56863  2.10672  2.52815  4.98001  3.47596  4.06461  4.48045  2.98461  3.98682  4.79336  2.71850  4.15083  2.97225  3.52920  0.96152  3.40382  4.03992  6.14865  4.69645     47 s - - -
          2.68618  4.42225  2.77519  2.73123  3.46354  2.40513  3.72494  3.29354  2.67741  2.69355  4.24690  2.90347  2.73739  3.18146  2.89801  2.37887  2.77519  2.98518  4.58477  3.61503
          0.01355  4.70389  5.42624  0.61958  0.77255  0.48576  0.95510
     37   3.02613  4.76287  4.15477  3.72147  3.89015  3.88239  4.58310  2.75507  3.53657  2.47227  3.90009  3.98073  0.81484  3.93265  3.80244  3.28330  3.38597  2.78216  5.55664  4.26543     48 p - - -
          2.68618  4.42225  2.77519  2.73123  3.46354  2.40513  3.72494  3.29354  2.67741  2.69355  4.24690  2.90347  2.73739  3.18146  2.89801  2.37887  2.77519  2.98518  4.58477  3.61503
          0.01355  4.70389  5.42624  0.61958  0.77255  0.48576  0.95510
     38   2.63086  5.22284  2.47536  1.41045  4.54248  3.50908  3.74422  3.85637  2.46457  3.38056  4.08625  2.86890  3.94560  2.74481  2.98119  2.74643  2.86048  3.13900  5.67094  4.27463     49 e - - -
          2.68618  4.42225  2.77519  2.73123  3.46354  2.40513  3.72494  3.29354  2.67741  2.69355  4.24690  2.90347  2.73739  3.18146  2.89801  2.37887  2.77519  2.98518  4.58477  3.61503
          0.01355  4.70389  5.42624  0.61958  0.77255  0.48576  0.95510
     39   3.64229  6.13596  0.42145  2.64970  5.50791  3.70865  4.46296  5.23291  3.68763  4.71567  5.67278  3.02974  4.42601  3.67934  4.37378  3.50424  4.00259  4.74482  6.70761  5.17893     50 D - - -
          2.68618  4.42225  2.77519  2.73123  3.46354  2.40513  3.72494  3.29354  2.67741  2.69355  4.24690  2.90347  2.73739  3.18146  2.89801  2.37887  2.77519  2.98518  4.58477  3.61503
          0.01355  4.70389  5.42624  0.61958  0.77255  0.48576  0.95510
     40   2.72111  5.32529  3.26332  2.68377  4.70375  3.69966  3.75466  4.13301  1.37620  3.61265  4.39669  3.14617  2.25740  2.93093  2.17301  2.78064  3.17705  3.74266  5.72662  4.40482     51 k - - -
          2.68618  4.42225  2.77519  2.73123  3.46354  2.40513  3.72494  3.29354  2.67741  2.69355  4.24690  2.90347  2.73739  3.18146  2.89801  2.37887  2.77519  2.98518  4.58477  3.61503
          0.01355  4.70389  5.42624  0.61958  0.77255  0.48576  0.95510
     41   3.74060  5.05790  4.94279  4.52197  2.30433  4.63079  3.08414  3.59496  4.36951  3.00832  3.32294  4.21235  4.95270  4.40574  4.44174  3.79351  3.96098  3.43972  3.35001  0.66080     52 Y - - -
          2.68618  4.42225  2.77519  2.73123  3.46354  2.40513  3.72494  3.29354  2.67741  2.69355  4.24690  2.90347  2.73739  3.18146  2.89801  2.37887  2.77519  2.98518  4.58477  3.61503
          0.01355  4.70389  5.42624  0.61958  0.77255  0.48576  0.95510
     42   2.52234  4.54013  3.57686  3.01068  3.68544  1.65505  3.97623  2.92218  2.96463  2.55633  3.49111  3.43561  4.11103  2.65991  3.22680  2.96918  3.00291  2.37573  4.55722  3.87288     53 g - - -
          2.68618  4.42225  2.77519  2.73123  3.46354  2.40513  3.72494  3.29354  2.67741  2.69355  4.24690  2.90347  2.73739  3.18146  2.89801  2.37887  2.77519  2.98518  4.58477  3.61503
          0.01355  4.70389  5.42624  0.61958  0.77255  0.48576  0.95510
     43   2.73423  5.26206  3.11683  1.80801  4.60040  3.60238  3.76066  3.92668  1.59351  3.48447  4.11038  3.08049  3.99044  2.86692  2.22611  2.80610  3.01715  3.33454  5.68548  4.31477     54 k - - -
          2.68618  4.42225  2.77519  2.73123  3.46354  2.40513  3.72494  3.29354  2.67741  2.69355  4.24690  2.90347  2.73739  3.18146  2.89801  2.37887  2.77519  2.98518  4.58477  3.61503
          0.01355  4.70389  5.42624  0.61958  0.77255  0.48576  0.95510
     44   4.40479  5.59294  5.14513  4.97907  2.47413  4.93315  4.02585  4.10923  4.70715  3.03573  4.72333  4.66933  5.30694  4.76665  4.71176  4.43210  4.66294  4.05256  4.15163  0.36614     55 Y - - -
          2.68618  4.42225  2.77519  2.73123  3.46354  2.40513  3.72494  3.29354  2.67741  2.69355  4.24690  2.90347  2.73739  3.18146  2.89801  2.37887  2.77519  2.98518  4.58477  3.61503
          0.01355  4.70389  5.42624  0.61958  0.77255  0.48576  0.95510
     45   4.23019  5.85863  4.81898  4.23820  5.44965  4.45295  4.79906  5.12831  3.05387  4.48770  5.51948  4.50741  4.96565  4.02939  0.23345  4.31316  4.47206  4.82513  6.22002  5.27119     56 R - - -
          2.68618  4.42225  2.77519  2.73123  3.46354  2.40513  3.72494  3.29354  2.67741  2.69355  4.24690  2.90347  2.73739  3.18146  2.89801  2.37887  2.77519  2.98518  4.58477  3.61503
          0.01355  4.70389  5.42624  0.61958  0.77255  0.48576  0.95510
     46   2.88030  4.43921  4.06787  3.47918  3.47790  3.92943  4.17928  2.01309  3.29212  2.06825  3.47765  3.78662  4.29239  3.62524  1.58436  3.20560  3.10942  2.49406  5.01049  3.04100     57 r - - -
          2.68618  4.42225  2.77519  2.73123  3.46354  2.40513  3.72494  3.29354  2.67741  2.69355  4.24690  2.90347  2.73739  3.18146  2.89801  2.37887  2.77519  2.98518  4.58477  3.61503
          0.01355  4.70389  5.42624  0.61958  0.77255  0.48576  0.95510
     47   2.03924  4.81322  3.28074  2.41771  4.01229  3.63851  3.85221  3.03456  2.31871  2.30888  2.86914  3.21607  4.02540  2.94758  2.62626  2.71442  2.96727  3.12272  5.34410  4.04514     58 a - - -
          2.68618  4.42225  2.77519  2.73123  3.46354  2.40513  3.72494  3.29354  2.67741  2.69355  4.24690  2.90347  2.73739  3.18146  2.89801  2.37887  2.77519  2.98518  4.58477  3.61503
          0.01355  4.70389  5.42624  0.61958  0.77255  0.48576  0.95510
     48   2.30014  4.35787  3.75624  2.95372  3.47500  3.80998  4.08653  2.55158  3.25405  1.56371  2.56378  3.65665  4.18451  2.94106  3.39739  3.02786  3.00141  2.53216  4.60287  3.74592     59 l - - -
          2.68618  4.42225  2.77519  2.73123  3.46354  2.40513  3.72494  3.29354  2.67741  2.69355  4.24690  2.90347  2.73739  3.18146  2.89801  2.37887  2.77519  2.98518  4.58477  3.61503
          0.01355  4.70389  5.42624  0.61958  0.77255  0.48576  0.95510
     49   3.63963  5.72877  4.22850  3.34737  5.31694  4.19766  3.96844  4.58448  0.74266  3.63088  4.80043  3.68839  4.51105  2.94353  1.62651  3.60732  3.74594  4.27043  5.87717  4.79040     60 k - - -
          2.68618  4.42225  2.77519  2.73123  3.46354  2.40513  3.72494  3.29354  2.67741  2.69355  4.24690  2.90347  2.73739  3.18146  2.89801  2.37887  2.77519  2.98518  4.58477  3.61503
          0.02365  4.70389  4.24634  0.61958  0.77255  0.48576  0.95510
     50   2.63996  4.93489  3.13624  2.57294  3.89124  3.50111  3.57364  3.26058  1.99045  2.58339  4.00797  3.13968  3.99027  2.86459  2.01682  2.75007  2.96390  2.84004  5.44246  3.72164     61 k - - -
          2.68618  4.42225  2.77519  2.73123  3.46354  2.40513  3.72494  3.29354  2.67741  2.69355  4.24690  2.90347  2.73739  3.18146  2.89801  2.37887  2.77519  2.98518  4.58477  3.61503
          0.02902  4.69392  3.94002  0.61958  0.77255  0.50635  0.92305
     51   2.51516  5.19049  2.94083  2.09719  4.50531  3.11564  3.73161  3.97025  2.35474  2.81046  3.29999  2.89416  3.93406  2.64565  2.20766  2.50724  2.74384  3.56479  5.64157  4.24999     62 e - - -
          2.68618  4.42225  2.77519  2.73123  3.46354  2.40513  3.72494  3.29354  2.67741  2.69355  4.24690  2.90347  2.73739  3.18146  2.89801  2.37887  2.77519  2.98518  4.58477  3.61503
          0.05524  4.67881  3.11329  0.61958  0.77255  0.50979  0.91785
     52   2.30428  5.04379  2.94989  2.40076  4.31131  3.44032  3.56732  3.38068  2.24495  2.52426  3.84560  2.88830  3.94590  2.74800  2.73270  2.37162  2.72034  2.94097  5.52588  4.16734     63 k - - -
          2.68618  4.42225  2.77519  2.73123  3.46354  2.40513  3.72494  3.29354  2.67741  2.69355  4.24690  2.90347  2.73739  3.18146  2.89801  2.37887  2.77519  2.98518  4.58477  3.61503
          0.02419  4.64646  4.24717  0.61958  0.77255  0.59645  0.80021
     53   2.62242  5.13158  3.01099  2.21393  4.42989  2.15899  3.66823  3.71638  2.26774  2.99870  3.73632  2.95800  3.76670  2.84225  2.35441  2.58877  2.90721  3.44341  5.59302  4.21322     64 g - - -
          2.68618  4.42225  2.77519  2.73123  3.46354  2.40513  3.72494  3.29354  2.67741  2.69355  4.24690  2.90347  2.73739  3.18146  2.89801  2.37887  2.77519  2.98518  4.58477  3.61503
          0.09176  4.63116  2.55186  0.61958  0.77255  0.61340  0.77981
     54   2.64745  4.30329  2.73811  2.14779  3.76274  3.11323  3.69656  3.49090  2.12462  2.77666  4.17328  2.68406  3.85428  2.61683  2.65088  2.64922  2.79727  3.49028  5.57949  4.19454     65 k - - -
          2.68618  4.42225  2.77519  2.73123  3.46354  2.40513  3.72494  3.29354  2.67741  2.69355  4.24690  2.90347  2.73739  3.18146  2.89801  2.37887  2.77519  2.98518  4.58477  3.61503
          0.19669  4.55513  1.78353  0.61958  0.77255  0.73175  0.65598
     55   2.65119  4.30846  3.48893  2.97112  3.13501  3.31983  3.92214  2.18387  2.66255  1.99176  3.30529  3.23422  3.87106  3.30034  3.33582  2.80171  2.65395  2.57613  4.62275  3.52102     66 l - - -
          2.68618  4.42225  2.77519  2.73123  3.46354  2.40513  3.72494  3.29354  2.67741  2.69355  4.24690  2.90347  2.73739  3.18146  2.89801  2.37887  2.77519  2.98518  4.58477  3.61503
          0.04184  4.37728  3.56062  0.61958  0.77255  0.93897  0.49599
     56   2.64003  4.34011  2.82409  2.29429  4.32800  3.10869  3.64412  3.62493  2.08764  2.95133  3.95934  2.70095  2.77840  2.65427  2.84463  2.51181  2.88665  3.36853  5.49827  4.12068     67 k - - -
          2.68625  4.42235  2.77527  2.73133  3.46359  2.40520  3.72505  3.29345  2.67739  2.69332  4.24700  2.90351  2.73746  3.18156  2.89797  2.37895  2.77527  2.98449  4.58487  3.61513
          0.81579  0.71466  2.68306  0.10634  2.29383  0.96021  0.48258
     57   2.59572  5.10907  2.53588  2.29545  4.43581  2.94671  3.61217  3.90862  2.15599  3.40638  3.95892  2.57326  3.62892  2.71551  2.48648  2.34310  2.83486  3.39731  5.55301  4.15370     69 k - - -
          2.68633  4.42310  2.77573  2.72933  3.46441  2.40538  3.72582  3.29312  2.67666  2.69360  4.24723  2.90412  2.73779  3.18156  2.89792  2.37904  2.77464  2.98506  4.58537  3.61553
          0.81634  0.58348        *  2.19609  0.11792  0.00000        *
//
