HMMER3/f [3.1b2 | February 2015]
NAME  KOG3198.faa.final_tree.fa
LENG  155
ALPH  amino
RF    no
MM    no
CONS  yes
CS    no
MAP   yes
DATE  Sat Aug  4 05:14:52 2018
NSEQ  516
EFFN  4.365875
CKSUM 2488319222
STATS LOCAL MSV      -10.4847  0.70889
STATS LOCAL VITERBI  -10.9733  0.70889
STATS LOCAL FORWARD   -4.4719  0.70889
HMM          A        C        D        E        F        G        H        I        K        L        M        N        P        Q        R        S        T        V        W        Y   
            m->m     m->i     m->d     i->m     i->i     d->m     d->d
  COMPO   2.59369  4.30892  2.88606  2.62232  3.59470  2.73874  3.68899  3.11381  2.46167  2.71158  3.91285  2.98068  2.92410  3.01397  2.72560  2.54948  2.84313  2.88795  4.68343  3.51513
          2.68545  4.42256  2.77627  2.73355  3.46479  2.40614  3.72312  3.29496  2.67855  2.69344  4.23470  2.90539  2.73676  3.18203  2.89555  2.37797  2.77468  2.98441  4.58269  3.61562
          1.49619  0.81565  1.09761  2.99269  0.05145  0.00000        *
      1   2.26429  5.12352  2.82986  2.37624  4.16805  3.54304  2.50775  3.65833  2.48196  3.17959  3.36452  2.75163  2.90356  2.82773  2.76560  2.51403  2.88317  3.48599  5.58854  4.21124    144 a - - -
          2.68618  4.42225  2.77519  2.73123  3.46354  2.40513  3.72494  3.29354  2.67741  2.69355  4.24690  2.90347  2.73739  3.18146  2.89801  2.37887  2.77519  2.98518  4.58477  3.61503
          0.09542  4.65530  2.50715  0.61958  0.77255  1.12722  0.39146
      2   1.97975  5.02587  2.91924  2.51254  4.29608  3.44811  3.60402  3.64118  2.48688  3.30006  3.87958  2.53289  2.39242  2.83435  2.98611  2.68378  2.59862  3.31522  5.51033  4.04031    145 a - - -
          2.68608  4.42239  2.77535  2.73139  3.46370  2.40529  3.72510  3.29288  2.67740  2.69365  4.24706  2.90363  2.73755  3.18142  2.89724  2.37895  2.77527  2.98483  4.58493  3.61519
          0.92364  0.51419  5.30962  0.07289  2.65498  1.22730  0.34684
      3   2.32873  4.41986  3.55308  2.72802  3.55280  3.60092  3.76352  2.29260  2.88120  2.24862  3.52440  3.46801  3.97344  3.16548  3.36642  2.70200  2.95579  1.91278  5.00502  3.68281    147 v - - -
          2.68618  4.42225  2.77519  2.73123  3.46354  2.40513  3.72494  3.29354  2.67741  2.69355  4.24690  2.90347  2.73739  3.18146  2.89801  2.37887  2.77519  2.98518  4.58477  3.61503
          0.01524  4.58728  5.30962  0.61958  0.77255  1.15003  0.38072
      4   2.67562  5.04384  2.81623  1.56917  4.31479  2.87412  3.56432  3.47957  2.48783  3.20210  3.62099  3.04635  3.93304  2.81691  2.98782  2.61549  2.96464  2.98515  4.70768  4.16244    148 e - - -
          2.68618  4.42225  2.77519  2.73123  3.46354  2.40513  3.72494  3.29354  2.67741  2.69355  4.24690  2.90347  2.73739  3.18146  2.89801  2.37887  2.77519  2.98518  4.58477  3.61503
          0.01484  4.61342  5.33576  0.61958  0.77255  1.07261  0.41873
      5   2.66528  5.27121  2.57798  1.27309  4.59366  3.53612  3.75697  4.06888  2.51744  3.45652  4.32154  2.82307  3.95144  2.78339  2.93162  2.69261  2.99145  3.53601  5.71505  3.90802    149 e - - -
          2.68645  4.42263  2.77414  2.73139  3.46269  2.40558  3.72510  3.29337  2.67777  2.69380  4.24735  2.90384  2.73761  3.18178  2.89812  2.37836  2.77561  2.98443  4.58467  3.61416
          0.94588  0.49914  5.37969  0.93149  0.50082  1.07626  0.41683
      6   2.69520  5.28400  1.85536  2.13815  4.61980  3.11807  3.74499  4.10213  2.49439  3.58590  3.93102  2.42733  3.94420  2.84674  2.77975  2.22265  2.98038  3.67026  5.72209  4.31147    155 d - - -
          2.68653  4.42387  2.76713  2.73059  3.46399  2.40645  3.72653  3.29187  2.67901  2.69413  4.24285  2.90458  2.73752  3.18265  2.89911  2.37871  2.77649  2.98534  4.58671  3.61610
          1.33210  0.31895  4.69205  2.14051  0.12510  1.13265  0.38887
      7   2.71491  4.40324  3.67685  3.20122  2.09374  3.77196  4.03777  2.82040  3.14020  1.97356  3.26352  3.14969  4.01287  2.90345  2.69694  2.88744  2.95266  2.43223  4.99481  3.65464    180 l - - -
          2.68618  4.42225  2.77519  2.73123  3.46354  2.40513  3.72494  3.29354  2.67741  2.69355  4.24690  2.90347  2.73739  3.18146  2.89801  2.37887  2.77519  2.98518  4.58477  3.61503
          0.10064  4.67934  2.44810  0.61958  0.77255  1.13767  0.38649
      8   2.59652  5.02966  2.22113  2.49492  4.29828  3.48002  3.73815  3.63627  2.51488  2.77886  4.06518  2.86709  2.42657  2.67272  2.99000  2.62204  2.90732  2.78572  5.51304  4.15416    181 d - - -
          2.68618  4.42225  2.77519  2.73123  3.46354  2.40513  3.72494  3.29354  2.67741  2.69355  4.24690  2.90347  2.73739  3.18146  2.89801  2.37887  2.77519  2.98518  4.58477  3.61503
          0.07360  4.59383  2.79946  0.61958  0.77255  1.17575  0.36902
      9   2.48207  4.99718  2.77296  2.25615  4.25915  3.52739  3.72772  3.57680  2.50807  2.30509  4.06121  3.00296  2.74635  2.64631  2.98119  2.62811  2.51456  3.34239  5.48331  3.89005    182 e - - -
          2.68618  4.42225  2.77519  2.73123  3.46354  2.40513  3.72494  3.29354  2.67741  2.69355  4.24690  2.90347  2.73739  3.18146  2.89801  2.37887  2.77519  2.98518  4.58477  3.61503
          0.01579  4.55236  5.27471  0.61958  0.77255  0.57988  0.82091
     10   2.63871  5.19918  2.60742  2.48467  4.42875  3.19844  3.69017  3.75404  2.55693  3.07259  2.75269  2.83715  2.56678  2.73484  2.85399  2.21475  2.84846  3.35508  5.66192  4.28216    183 s - - -
          2.68251  4.42769  2.77896  2.73561  3.46504  2.40049  3.73106  3.29518  2.68504  2.69509  4.20282  2.90808  2.72441  3.17300  2.89810  2.37881  2.77867  2.98985  4.59479  3.62411
          1.44634  0.27349  5.56046  3.67499  0.02568  0.48112  0.96257
     11   2.28995  4.83130  3.45542  2.80492  3.82145  3.42659  3.95346  2.63636  2.71391  2.78566  2.44802  3.19233  2.62856  2.94646  3.24214  2.42365  3.02300  2.60247  5.38272  4.00470    393 a - - -
          2.68618  4.42225  2.77519  2.73123  3.46354  2.40513  3.72494  3.29354  2.67741  2.69355  4.24690  2.90347  2.73739  3.18146  2.89801  2.37887  2.77519  2.98518  4.58477  3.61503
          0.17921  5.03366  1.84800  0.61958  0.77255  0.63952  0.74982
     12   2.05376  5.09837  2.88946  2.36709  4.09836  3.24405  3.53943  2.98178  2.57137  2.83168  3.59452  2.90236  3.58257  2.55316  2.86081  2.72634  2.85371  2.91013  4.78656  4.23551    394 a - - -
          2.68625  4.41870  2.77538  2.73144  3.46378  2.40521  3.72468  3.29374  2.67751  2.69361  4.24684  2.90364  2.73751  3.18133  2.89797  2.37888  2.77453  2.98541  4.58495  3.61514
          0.42571  1.31565  2.54604  0.96653  0.47868  0.79231  0.60294
     13   2.12958  5.16151  2.73210  2.44992  3.93357  2.95424  3.61264  3.29025  2.52404  3.39284  3.42950  2.92488  3.15131  2.70444  2.87373  2.47960  2.74672  3.48417  4.23211  3.54219    401 a - - -
          2.68618  4.42225  2.77519  2.73123  3.46354  2.40513  3.72494  3.29354  2.67741  2.69355  4.24690  2.90347  2.73739  3.18146  2.89801  2.37887  2.77519  2.98518  4.58477  3.61503
          0.05772  4.86894  3.02807  0.61958  0.77255  0.90998  0.51506
     14   1.96543  5.22052  2.62465  2.40805  4.51985  3.13260  3.61329  3.25684  2.51683  3.33554  3.29498  2.92117  3.03074  2.75216  2.99223  2.49288  2.73167  3.39057  5.68160  4.03419    402 a - - -
          2.68618  4.42225  2.77519  2.73123  3.46354  2.40513  3.72494  3.29354  2.67741  2.69355  4.24690  2.90347  2.73739  3.18146  2.89801  2.37887  2.77519  2.98518  4.58477  3.61503
          0.22100  4.87518  1.65733  0.61958  0.77255  0.58306  0.81688
     15   2.31464  4.00499  2.81188  2.38119  4.03476  3.17793  3.63956  3.60678  2.50746  3.40179  3.25950  2.80422  3.43823  2.63597  2.45107  2.56729  2.89435  3.21230  5.21331  3.31956    403 a - - -
          2.68618  4.42225  2.77519  2.73123  3.46354  2.40513  3.72494  3.29354  2.67741  2.69355  4.24690  2.90347  2.73739  3.18146  2.89801  2.37887  2.77519  2.98518  4.58477  3.61503
          0.01178  4.84291  5.56525  0.61958  0.77255  0.80857  0.58968
     16   2.25649  4.16231  3.10790  2.91255  2.95701  2.73613  3.88652  3.00256  2.77836  2.80658  3.16636  3.30019  2.76748  2.94360  3.27281  2.68362  2.83336  2.58825  5.08257  3.49848    404 a - - -
          2.68618  4.42225  2.77519  2.73123  3.46354  2.40513  3.72494  3.29354  2.67741  2.69355  4.24690  2.90347  2.73739  3.18146  2.89801  2.37887  2.77519  2.98518  4.58477  3.61503
          0.01954  4.92966  4.41269  0.61958  0.77255  0.82658  0.57544
     17   2.44413  5.16639  2.93194  2.61216  3.84633  2.96071  3.07878  3.10341  2.44080  2.96371  3.08922  2.77759  3.66817  2.61631  2.94640  2.44107  2.92047  3.27613  5.24212  3.34768    405 k - - -
          2.68618  4.42225  2.77519  2.73123  3.46354  2.40513  3.72494  3.29354  2.67741  2.69355  4.24690  2.90347  2.73739  3.18146  2.89801  2.37887  2.77519  2.98518  4.58477  3.61503
          0.04918  4.98770  3.19017  0.61958  0.77255  0.69491  0.69138
     18   2.40675  5.27889  2.75629  2.48626  4.49138  2.47051  3.83727  3.27927  2.45435  3.23210  2.83210  3.10002  3.31618  2.79060  2.93494  2.51005  2.42238  3.41738  5.74238  4.07621    406 a - - -
          2.68618  4.42225  2.77519  2.73123  3.46354  2.40513  3.72494  3.29354  2.67741  2.69355  4.24690  2.90347  2.73739  3.18146  2.89801  2.37887  2.77519  2.98518  4.58477  3.61503
          0.02058  5.04258  4.27478  0.61958  0.77255  0.86372  0.54747
     19   2.22059  5.36632  2.41885  2.33320  4.61874  3.14231  3.86140  3.73116  2.42970  2.87475  4.25594  3.03076  3.08843  2.59157  2.90367  2.54367  2.49051  3.13401  5.80835  4.38334    407 a - - -
          2.68618  4.42225  2.77519  2.73123  3.46354  2.40513  3.72494  3.29354  2.67741  2.69355  4.24690  2.90347  2.73739  3.18146  2.89801  2.37887  2.77519  2.98518  4.58477  3.61503
          0.03968  5.04054  3.42849  0.61958  0.77255  0.71707  0.66978
     20   2.42962  5.38632  2.63383  2.14510  4.42686  3.01296  3.76212  3.50968  2.32858  3.40226  3.46085  2.83999  3.54856  2.71506  2.82879  2.30936  2.49789  3.50976  5.52819  4.25597    408 e - - -
          2.68618  4.42225  2.77519  2.73123  3.46354  2.40513  3.72494  3.29354  2.67741  2.69355  4.24690  2.90347  2.73739  3.18146  2.89801  2.37887  2.77519  2.98518  4.58477  3.61503
          0.00953  5.05366  5.77601  0.61958  0.77255  0.84078  0.56453
     21   2.84825  5.33921  1.99729  2.04107  4.52035  2.86845  3.77636  3.84624  2.46337  3.03904  3.89972  2.90176  3.14904  2.67856  2.83436  2.45418  2.96779  3.55868  5.66890  4.42846    409 d - - -
          2.68618  4.42225  2.77519  2.73123  3.46354  2.40513  3.72494  3.29354  2.67741  2.69355  4.24690  2.90347  2.73739  3.18146  2.89801  2.37887  2.77519  2.98518  4.58477  3.61503
          0.00945  5.06204  5.78439  0.61958  0.77255  0.84885  0.55846
     22   2.63130  5.34652  2.74542  2.51541  4.26087  2.82222  3.34456  3.29776  2.49327  2.73776  4.12446  2.89285  2.80278  2.87072  2.26102  2.56997  2.71889  3.51987  5.79603  4.08888    410 r - - -
          2.68618  4.42225  2.77519  2.73123  3.46354  2.40513  3.72494  3.29354  2.67741  2.69355  4.24690  2.90347  2.73739  3.18146  2.89801  2.37887  2.77519  2.98518  4.58477  3.61503
          0.00943  5.06452  5.78687  0.61958  0.77255  0.84409  0.56203
     23   2.37410  5.27668  2.91084  2.06238  4.42806  3.34846  3.88407  3.92444  2.36815  3.15249  4.10983  2.84688  3.60198  2.91522  3.10906  2.04710  2.44024  3.08532  5.15025  3.57149    411 s - - -
          2.68618  4.42225  2.77519  2.73123  3.46354  2.40513  3.72494  3.29354  2.67741  2.69355  4.24690  2.90347  2.73739  3.18146  2.89801  2.37887  2.77519  2.98518  4.58477  3.61503
          0.01303  5.06890  5.01179  0.61958  0.77255  0.35438  1.20934
     24   2.37939  5.34055  2.26703  2.15002  4.75327  2.60804  3.71945  3.62488  2.29980  3.69576  4.51069  2.41266  3.23873  2.73579  3.02887  2.50447  3.05497  3.59341  5.90276  4.41322    412 e - - -
          2.68618  4.42225  2.77520  2.73123  3.46354  2.40513  3.72495  3.29346  2.67741  2.69355  4.24690  2.90347  2.73740  3.18146  2.89801  2.37887  2.77520  2.98518  4.58477  3.61503
          0.01409  4.48364  5.91473  0.54480  0.86740  0.53690  0.87841
     25   2.69458  4.71758  3.69238  3.22776  2.88354  3.96256  3.24879  2.09241  3.03213  2.78906  3.60976  3.63673  3.55870  2.35710  3.07202  2.70900  2.79039  2.53863  4.78031  2.60616    414 i - - -
          2.68618  4.42225  2.77519  2.73123  3.46354  2.40513  3.72494  3.29354  2.67741  2.69355  4.24690  2.90347  2.73739  3.18146  2.89801  2.37887  2.77519  2.98518  4.58477  3.61503
          0.00829  5.19298  5.91533  0.61958  0.77255  0.50979  0.91785
     26   2.66484  5.37222  2.22571  2.41668  4.80913  3.24193  3.92500  4.30653  1.37488  3.75114  4.41482  2.87752  4.13144  2.92780  2.67043  2.46056  3.15726  3.86618  5.90792  4.34603    415 k - - -
          2.68618  4.42225  2.77519  2.73123  3.46354  2.40513  3.72494  3.29354  2.67741  2.69355  4.24690  2.90347  2.73739  3.18146  2.89801  2.37887  2.77519  2.98518  4.58477  3.61503
          0.00884  5.19837  5.72071  0.61958  0.77255  0.50372  0.92705
     27   2.88851  5.47733  2.80777  2.57728  4.82252  3.37197  3.22432  4.30834  1.83512  3.67703  4.33772  2.94851  3.94962  2.74664  1.74061  2.32263  2.73255  3.86804  5.90981  4.39353    416 r - - -
          2.68618  4.42225  2.77519  2.73123  3.46354  2.40513  3.72494  3.29354  2.67741  2.69355  4.24690  2.90347  2.73739  3.18146  2.89801  2.37887  2.77519  2.98518  4.58477  3.61503
          0.03352  5.20614  3.59410  0.61958  0.77255  0.47247  0.97673
     28   3.35248  4.76242  5.03126  4.48547  1.45613  4.47138  4.18725  3.21968  4.30316  2.81477  3.56196  4.47501  4.82398  4.42673  3.23146  3.71104  3.53521  2.93953  1.30033  2.43853    417 w - - -
          2.68618  4.42225  2.77519  2.73123  3.46354  2.40513  3.72494  3.29354  2.67741  2.69355  4.24690  2.90347  2.73739  3.18146  2.89801  2.37887  2.77519  2.98518  4.58477  3.61503
          0.00832  5.18888  5.91123  0.61958  0.77255  0.57016  0.83341
     29   2.82606  4.61043  3.74381  3.19724  3.43461  3.96082  3.93475  1.80345  2.94223  2.77282  3.51322  2.94673  4.25414  2.10611  3.59328  2.82161  2.73081  2.13051  5.29924  3.84981    418 i - - -
          2.68618  4.42225  2.77519  2.73123  3.46354  2.40513  3.72494  3.29354  2.67741  2.69355  4.24690  2.90347  2.73739  3.18146  2.89801  2.37887  2.77519  2.98518  4.58477  3.61503
          0.00830  5.19156  5.91391  0.61958  0.77255  0.57016  0.83341
     30   3.00322  1.52919  4.90437  4.30411  3.56752  4.22194  4.57206  1.88005  4.11995  2.56789  3.53653  4.35015  4.59077  4.00909  4.17774  3.05641  2.41985  1.79243  5.10619  3.92587    419 c - - -
          2.68618  4.42225  2.77519  2.73123  3.46354  2.40513  3.72494  3.29354  2.67741  2.69355  4.24690  2.90347  2.73739  3.18146  2.89801  2.37887  2.77519  2.98518  4.58477  3.61503
          0.00829  5.19282  5.91517  0.61958  0.77255  0.43929  1.03420
     31   2.89297  4.55834  3.95190  4.54788  2.81519  4.40800  4.75865  1.23834  4.35148  1.64851  3.12814  4.56038  4.75425  4.48731  4.37635  3.72615  3.43562  1.81301  5.23972  4.06800    420 i - - -
          2.68618  4.42225  2.77519  2.73123  3.46354  2.40513  3.72494  3.29354  2.67741  2.69355  4.24690  2.90347  2.73739  3.18146  2.89801  2.37887  2.77519  2.98518  4.58477  3.61503
          0.09875  5.21875  2.42344  0.61958  0.77255  0.48780  0.95185
     32   4.38727  5.22023  5.43253  5.12942  2.77755  5.09604  4.29201  4.35327  4.85311  3.71963  4.92436  4.67429  3.61140  4.92653  4.89236  4.48979  4.64822  4.21159  4.04541  0.30997    421 Y - - -
          2.68618  4.42225  2.77519  2.73123  3.46354  2.40513  3.72494  3.29354  2.67741  2.69355  4.24690  2.90347  2.73739  3.18146  2.89801  2.37887  2.77519  2.98518  4.58477  3.61503
          0.00884  5.12884  5.85118  0.61958  0.77255  0.75104  0.63842
     33   3.23055  5.75878  2.69887  2.99509  5.39766  3.89574  4.56317  4.87152  3.01853  4.42027  5.27191  3.52944  0.53950  3.74659  3.91432  3.38724  3.80524  4.41362  6.59794  5.19046    422 P - - -
          2.68618  4.42225  2.77519  2.73123  3.46354  2.40513  3.72494  3.29354  2.67741  2.69355  4.24690  2.90347  2.73739  3.18146  2.89801  2.37887  2.77519  2.98518  4.58477  3.61503
          0.00884  5.12884  5.85118  0.61958  0.77255  0.75104  0.63842
     34   2.01413  2.90028  4.50898  3.93899  3.52326  4.05824  4.32991  1.98994  3.80313  2.46914  3.53856  2.80314  3.92620  3.92102  3.78508  3.09201  3.11162  1.57115  5.03676  3.84888    423 v - - -
          2.68618  4.42225  2.77519  2.73123  3.46354  2.40513  3.72494  3.29354  2.67741  2.69355  4.24690  2.90347  2.73739  3.18146  2.89801  2.37887  2.77519  2.98518  4.58477  3.61503
          0.00884  5.12884  5.85118  0.61958  0.77255  0.75104  0.63842
     35   4.33103  5.80353  4.62576  4.38693  2.90431  4.90852  4.16744  4.48181  4.06471  3.83036  5.00746  4.10082  5.31239  3.45732  4.03338  4.35538  4.56091  4.32146  4.57996  0.34317    424 Y - - -
          2.68619  4.42226  2.77521  2.73124  3.46355  2.40514  3.72496  3.29355  2.67725  2.69356  4.24691  2.90348  2.73741  3.18147  2.89799  2.37888  2.77521  2.98520  4.58478  3.61504
          0.03774  3.37652  5.85204  0.38014  1.15126  0.75104  0.63842
     36   3.25070  4.66546  5.21143  4.61299  1.56598  4.49955  3.74545  1.34929  4.41644  1.58000  3.48643  4.63313  4.81895  4.51651  4.43226  3.81900  3.54054  2.68199  5.17757  3.95674    426 i - - -
          2.68618  4.42225  2.77519  2.73123  3.46354  2.40513  3.72494  3.29354  2.67741  2.69355  4.24690  2.90347  2.73739  3.18146  2.89801  2.37887  2.77519  2.98518  4.58477  3.61503
          0.00883  5.12970  5.85204  0.61958  0.77255  0.75104  0.63842
     37   3.89626  6.64260  0.85667  2.77783  5.97232  3.79691  4.64436  5.58763  3.85940  5.01691  5.93851  1.12515  4.65555  3.83477  4.60022  3.45336  4.23273  5.07851  7.16125  5.51662    427 d - - -
          2.68618  4.42225  2.77519  2.73123  3.46354  2.40513  3.72494  3.29354  2.67741  2.69355  4.24690  2.90347  2.73739  3.18146  2.89801  2.37887  2.77519  2.98518  4.58477  3.61503
          0.00883  5.12970  5.85204  0.61958  0.77255  0.75104  0.63842
     38   1.88101  5.32394  3.21570  2.64612  3.86952  3.60423  3.90418  3.79462  1.92555  3.55524  4.28758  2.61253  3.98471  2.98825  3.07271  1.73514  3.13897  3.53345  5.78605  4.40568    428 s - - -
          2.68618  4.42225  2.77519  2.73123  3.46354  2.40513  3.72494  3.29354  2.67741  2.69355  4.24690  2.90347  2.73739  3.18146  2.89801  2.37887  2.77519  2.98518  4.58477  3.61503
          0.00999  5.12970  5.51613  0.61958  0.77255  0.75104  0.63842
     39   2.65397  5.32384  2.78228  2.52464  4.77117  3.54787  3.89631  4.25314  1.32873  3.30509  4.47355  2.66928  4.10225  2.99454  2.83508  2.60393  2.37384  3.81918  5.86686  4.45954    429 k - - -
          2.68592  4.42236  2.77510  2.73116  3.46365  2.40523  3.72505  3.29365  2.67751  2.69332  4.24700  2.90357  2.73750  3.18127  2.89768  2.37897  2.77530  2.98529  4.58488  3.61514
          0.06195  2.86138  5.85089  1.24659  0.33895  0.74789  0.64124
     40   2.92647  4.56481  3.40339  2.81970  4.60517  3.84355  3.83147  4.15318  1.28842  3.44327  4.46169  3.33742  4.22652  2.99546  1.56121  3.03795  2.93906  3.50210  5.83292  4.49541    435 k - - -
          2.68618  4.42225  2.77519  2.73123  3.46354  2.40513  3.72494  3.29354  2.67741  2.69355  4.24690  2.90347  2.73739  3.18146  2.89801  2.37887  2.77519  2.98518  4.58477  3.61503
          0.00883  5.12970  5.85204  0.61958  0.77255  0.75104  0.63842
     41   2.81060  5.12417  3.37657  2.82439  4.35004  3.32531  3.59798  3.81787  2.73896  3.42438  4.20664  3.29537  3.23470  3.16632  3.24436  1.85624  1.35702  3.16321  5.67005  4.33954    436 t - - -
          2.68618  4.42225  2.77519  2.73123  3.46354  2.40513  3.72494  3.29354  2.67741  2.69355  4.24690  2.90347  2.73739  3.18146  2.89801  2.37887  2.77519  2.98518  4.58477  3.61503
          0.02016  5.12970  4.26592  0.61958  0.77255  0.75104  0.63842
     42   2.75649  4.52083  3.37259  3.24192  3.75633  3.92440  3.39179  2.17556  2.95139  2.45964  3.71577  3.52309  3.61835  3.41697  2.22079  3.10305  2.79479  1.97760  5.26241  2.94624    437 v - - -
          2.68618  4.42225  2.77519  2.73123  3.46354  2.40513  3.72494  3.29354  2.67741  2.69355  4.24690  2.90347  2.73739  3.18146  2.89801  2.37887  2.77519  2.98518  4.58477  3.61503
          0.01976  5.11847  4.29922  0.61958  0.77255  0.77816  0.61480
     43   1.40471  5.28549  3.15173  2.57372  4.60588  3.02809  3.89594  4.17781  2.05851  3.67901  4.42952  3.06791  4.04248  2.43833  2.99355  2.72921  2.79131  3.55243  5.82839  4.43119    438 a - - -
          2.68618  4.42225  2.77519  2.73123  3.46354  2.40513  3.72494  3.29354  2.67741  2.69355  4.24690  2.90347  2.73739  3.18146  2.89801  2.37887  2.77519  2.98518  4.58477  3.61503
          0.01001  5.10774  5.54335  0.61958  0.77255  0.72057  0.66646
     44   2.89469  5.42926  2.95879  1.26444  4.76967  3.46584  3.89248  4.25235  2.45827  3.62417  3.75725  3.05305  3.51167  2.28059  2.97492  2.79819  2.85723  3.41318  5.86468  4.45655    439 e - - -
          2.68621  4.42228  2.77523  2.73124  3.46357  2.40483  3.72498  3.29357  2.67744  2.69358  4.24693  2.90350  2.73743  3.18150  2.89804  2.37889  2.77521  2.98522  4.58480  3.61506
          0.09467  2.53493  4.50454  0.23715  1.55531  0.73441  0.65352
     45   3.00542  3.82202  3.86347  3.24493  4.02705  0.69918  4.43372  3.71810  3.35479  3.34913  4.27931  3.76421  4.37568  3.16383  3.71114  3.13473  3.25138  3.36896  5.72532  4.47581    441 g - - -
          2.68618  4.42225  2.77519  2.73123  3.46354  2.40513  3.72494  3.29354  2.67741  2.69355  4.24690  2.90347  2.73739  3.18146  2.89801  2.37887  2.77519  2.98518  4.58477  3.61503
          0.00890  5.12155  5.84389  0.61958  0.77255  0.77083  0.62107
     46   4.31381  6.14311  4.98514  4.18140  5.79330  4.68920  4.63920  5.24867  2.69030  4.55376  5.51712  4.42080  5.10576  3.76469  0.25687  4.33436  4.46986  4.93946  6.39118  5.36835    442 R - - -
          2.68618  4.42225  2.77519  2.73123  3.46354  2.40513  3.72494  3.29354  2.67741  2.69355  4.24690  2.90347  2.73739  3.18146  2.89801  2.37887  2.77519  2.98518  4.58477  3.61503
          0.00890  5.12155  5.84389  0.61958  0.77255  0.77083  0.62107
     47   3.15366  4.89947  3.61697  2.98967  4.56655  3.95249  3.92991  3.41328  2.07572  3.49971  4.14402  3.48711  4.32563  3.15890  0.92576  3.07742  3.36549  3.19997  5.64188  4.46323    443 r - - -
          2.68618  4.42225  2.77519  2.73123  3.46354  2.40513  3.72494  3.29354  2.67741  2.69355  4.24690  2.90347  2.73739  3.18146  2.89801  2.37887  2.77519  2.98518  4.58477  3.61503
          0.00890  5.12155  5.84389  0.61958  0.77255  0.77083  0.62107
     48   3.14281  4.45081  4.96417  4.37680  3.68575  4.36295  4.72138  1.23731  4.20613  2.28755  3.66412  3.65635  4.71554  3.57242  4.29342  3.67810  3.29572  1.25245  5.26693  4.08138    444 i - - -
          2.68618  4.42225  2.77519  2.73123  3.46354  2.40513  3.72494  3.29354  2.67741  2.69355  4.24690  2.90347  2.73739  3.18146  2.89801  2.37887  2.77519  2.98518  4.58477  3.61503
          0.00890  5.12155  5.84389  0.61958  0.77255  0.72935  0.65821
     49   2.08562  4.52279  3.26243  2.69827  4.63711  2.53201  3.95195  4.09009  2.67119  3.58846  4.39768  2.77749  2.09718  2.79851  3.17862  1.88568  3.07698  3.69852  5.80688  4.43071    445 s - - -
          2.68618  4.42225  2.77519  2.73123  3.46354  2.40513  3.72494  3.29354  2.67741  2.69355  4.24690  2.90347  2.73739  3.18146  2.89801  2.37887  2.77519  2.98518  4.58477  3.61503
          0.00979  5.12970  5.56530  0.61958  0.77255  0.75104  0.63842
     50   2.32887  4.49293  3.46804  2.87783  4.16589  3.80626  3.28728  2.85808  1.76890  2.39820  3.94957  3.40182  3.59106  3.08965  2.58957  2.76707  3.04688  2.64507  5.50626  3.73147    446 k - - -
          2.68618  4.42225  2.77519  2.73123  3.46354  2.40513  3.72494  3.29354  2.67741  2.69355  4.24690  2.90347  2.73739  3.18146  2.89801  2.37887  2.77519  2.98518  4.58477  3.61503
          0.00884  5.12874  5.85109  0.61958  0.77255  0.75339  0.63633
     51   2.39005  5.44386  2.51877  1.89628  4.78926  3.04433  3.75148  4.20602  2.22191  3.67749  4.48450  2.81757  3.51577  2.73581  3.08211  1.94621  2.90993  3.80415  5.87630  4.46496    447 e - - -
          2.68618  4.42225  2.77519  2.73123  3.46354  2.40513  3.72494  3.29354  2.67741  2.69355  4.24690  2.90347  2.73739  3.18146  2.89801  2.37887  2.77519  2.98518  4.58477  3.61503
          0.00884  5.12874  5.85109  0.61958  0.77255  0.35430  1.20954
     52   2.66848  5.24826  2.98582  2.69000  4.44988  3.77498  3.61557  3.45974  1.42905  2.17984  4.02553  3.00572  4.12568  2.62568  3.07928  2.83071  3.20719  3.59779  5.80555  3.51575    448 k - - -
          2.68618  4.42225  2.77519  2.73123  3.46354  2.40513  3.72494  3.29354  2.67741  2.69355  4.24690  2.90347  2.73739  3.18146  2.89801  2.37887  2.77519  2.98518  4.58477  3.61503
          0.01000  5.21866  5.39525  0.61958  0.77255  0.49086  0.94701
     53   0.73700  2.86241  4.30870  3.81707  4.77228  2.96613  4.80300  4.17717  3.75728  3.85378  4.68934  4.03562  4.46705  4.06700  2.52234  2.33672  3.43744  3.61982  6.13675  4.91529    449 a - - -
          2.68617  4.42225  2.77520  2.73123  3.46354  2.40513  3.72495  3.29352  2.67741  2.69355  4.24690  2.90347  2.73740  3.18147  2.89798  2.37886  2.77520  2.98519  4.58477  3.61503
          0.10178  4.64885  2.43951  0.62874  0.76199  0.49750  0.93662
     54   2.68556  1.84280  4.89908  4.11227  3.55282  4.21454  4.56646  2.33649  4.11577  2.40924  3.52110  4.34413  4.33259  4.27501  4.17219  3.12992  3.27081  1.20332  5.09691  3.91612    452 v - - -
          2.68618  4.42225  2.77520  2.73123  3.46354  2.40513  3.72495  3.29349  2.67741  2.69355  4.24690  2.90347  2.73740  3.18146  2.89801  2.37887  2.77520  2.98518  4.58477  3.61503
          0.01794  4.61880  4.83931  0.56893  0.83501  0.75425  0.63556
     55   2.61487  5.42781  2.55684  1.42980  4.76704  3.33757  3.84917  4.24897  2.36314  3.53260  4.47007  3.17571  2.73736  2.93050  2.98935  2.76510  2.86307  3.81532  3.60357  4.45643    454 e - - -
          2.68590  4.42063  2.77557  2.73161  3.46392  2.40551  3.72532  3.29392  2.67775  2.69393  4.24727  2.90384  2.73609  3.18184  2.89816  2.37824  2.77412  2.98551  4.58515  3.61541
          0.07904  2.61575  5.84782  2.16288  0.12216  0.37356  1.16565
     56   2.83335  5.21319  2.32252  2.69735  4.04095  3.73923  3.43696  4.14594  2.49856  3.67024  4.43362  1.48567  4.15554  3.00094  3.09085  2.65123  3.12743  3.65577  3.51722  2.91338    481 n - - -
          2.68618  4.42225  2.77519  2.73123  3.46354  2.40513  3.72494  3.29354  2.67741  2.69355  4.24690  2.90347  2.73739  3.18146  2.89801  2.37887  2.77519  2.98518  4.58477  3.61503
          0.01314  5.21456  4.87686  0.61958  0.77255  0.51338  0.91247
     57   3.07201  3.60765  5.13711  4.92966  5.21554  3.80879  5.56869  4.30011  4.71912  4.38954  5.27856  4.29106  0.32553  4.99880  4.82356  3.29943  3.62504  3.79935  6.65958  5.47292    482 P - - -
          2.68618  4.42225  2.77519  2.73123  3.46354  2.40513  3.72494  3.29354  2.67741  2.69355  4.24690  2.90347  2.73739  3.18146  2.89801  2.37887  2.77519  2.98518  4.58477  3.61503
          0.00815  5.20956  5.93191  0.61958  0.77255  0.53017  0.88796
     58   2.20083  4.77223  3.72425  3.19651  3.89605  3.94936  3.38241  2.76624  2.85242  1.78747  3.65839  2.97876  4.33045  3.35247  3.52888  2.90269  1.77477  2.99009  4.93158  4.00487    483 t - - -
          2.68618  4.42225  2.77519  2.73123  3.46354  2.40513  3.72494  3.29354  2.67741  2.69355  4.24690  2.90347  2.73739  3.18146  2.89801  2.37887  2.77519  2.98518  4.58477  3.61503
          0.00815  5.20956  5.93191  0.61958  0.77255  0.53017  0.88796
     59   1.42118  2.39810  4.42727  3.84206  3.48094  3.85188  4.00278  2.87073  3.72934  2.57989  3.58689  4.06743  4.12840  3.64681  3.92442  2.45984  3.22949  2.32883  4.97406  2.63861    484 a - - -
          2.68618  4.42225  2.77519  2.73123  3.46354  2.40513  3.72494  3.29354  2.67741  2.69355  4.24690  2.90347  2.73739  3.18146  2.89801  2.37887  2.77519  2.98518  4.58477  3.61503
          0.00815  5.20956  5.93191  0.61958  0.77255  0.53017  0.88796
     60   2.63907  5.36733  2.65339  2.41882  4.29888  3.67970  3.40124  2.85799  2.25027  2.51188  4.13544  3.05266  4.06122  2.73195  2.37642  2.78299  2.51375  3.16705  4.70602  4.13306    485 k - - -
          2.68618  4.42225  2.77519  2.73123  3.46354  2.40513  3.72494  3.29354  2.67741  2.69355  4.24690  2.90347  2.73739  3.18146  2.89801  2.37887  2.77519  2.98518  4.58477  3.61503
          0.00815  5.20956  5.93191  0.61958  0.77255  0.50227  0.92926
     61   2.93894  5.47010  2.38156  1.22093  4.80916  3.70848  3.52870  4.20090  2.67385  3.71341  4.35933  2.43210  4.14154  2.91841  3.16586  2.75657  2.79456  3.85754  4.50566  4.16184    486 e - - -
          2.68618  4.42225  2.77519  2.73123  3.46354  2.40513  3.72494  3.29354  2.67741  2.69355  4.24690  2.90347  2.73739  3.18146  2.89801  2.37887  2.77519  2.98518  4.58477  3.61503
          0.00811  5.21456  5.93690  0.61958  0.77255  0.51338  0.91247
     62   3.02985  4.44562  4.47275  4.14878  3.18788  4.17239  4.49364  1.06415  3.88278  2.40293  2.35955  2.79780  4.53797  4.16255  4.08038  3.11040  3.26222  2.51904  5.06828  3.88545    487 i - - -
          2.68618  4.42225  2.77519  2.73123  3.46354  2.40513  3.72494  3.29354  2.67741  2.69355  4.24690  2.90347  2.73739  3.18146  2.89801  2.37887  2.77519  2.98518  4.58477  3.61503
          0.01650  5.21456  4.51624  0.61958  0.77255  0.51338  0.91247
     63   1.77815  4.62502  3.45066  2.87991  3.66874  3.21867  3.76151  3.64011  2.15636  2.59826  3.83176  3.39725  4.22542  2.68658  2.89766  2.33201  2.94311  2.76851  5.60218  3.96590    488 a - - -
          2.68618  4.42225  2.77519  2.73123  3.46354  2.40513  3.72494  3.29354  2.67741  2.69355  4.24690  2.90347  2.73739  3.18146  2.89801  2.37887  2.77519  2.98518  4.58477  3.61503
          0.00812  5.21280  5.93515  0.61958  0.77255  0.51506  0.90997
     64   2.80235  5.03541  1.51256  2.03442  4.82558  3.62506  3.63623  4.11667  2.01197  3.50464  4.47680  2.86547  4.13967  2.82138  3.08064  2.87167  2.81806  3.87153  5.91440  4.50389    489 d - - -
          2.68614  4.42179  2.77523  2.73127  3.46358  2.40517  3.72498  3.29356  2.67745  2.69340  4.24694  2.90330  2.73743  3.18144  2.89805  2.37891  2.77523  2.98519  4.58481  3.61507
          0.09236  2.47693  5.46764  0.21390  1.64727  0.52565  0.89445
     65   1.57010  2.43750  4.70244  4.00439  3.56881  3.97524  4.49163  1.97418  3.95379  2.66030  3.58633  4.22463  4.52702  4.14032  3.47999  2.78300  3.26221  1.80302  5.08867  3.90480    491 a - - -
          2.68618  4.42225  2.77519  2.73123  3.46354  2.40513  3.72494  3.29354  2.67741  2.69355  4.24690  2.90347  2.73739  3.18146  2.89801  2.37887  2.77519  2.98518  4.58477  3.61503
          0.00810  5.21574  5.93809  0.61958  0.77255  0.52198  0.89979
     66   2.29537  1.36234  4.88567  4.06553  3.53139  4.09417  4.53071  2.19827  4.04943  2.05628  3.54218  4.32149  4.56220  4.18112  4.08966  3.44395  3.05496  2.16504  5.06144  3.88223    492 c - - -
          2.68618  4.42225  2.77519  2.73123  3.46354  2.40513  3.72494  3.29354  2.67741  2.69355  4.24690  2.90347  2.73739  3.18146  2.89801  2.37887  2.77519  2.98518  4.58477  3.61503
          0.02175  5.21733  4.12905  0.61958  0.77255  0.52565  0.89445
     67   2.27511  5.46675  2.96638  2.51314  4.75274  3.12508  3.77995  4.25730  2.17680  3.33596  4.42250  2.89720  4.13438  2.62551  2.45652  1.83050  2.59651  3.59772  5.21379  4.34789    493 s - - -
          2.68618  4.42225  2.77519  2.73123  3.46354  2.40513  3.72494  3.29354  2.67741  2.69355  4.24690  2.90347  2.73739  3.18146  2.89801  2.37887  2.77519  2.98518  4.58477  3.61503
          0.00819  5.20497  5.92731  0.61958  0.77255  0.47711  0.96909
     68   2.19812  5.43188  3.12059  2.14150  3.87410  3.51507  2.42488  3.55288  2.47385  3.37890  4.08341  2.77438  4.15010  2.79682  2.50238  2.62732  3.07189  3.52104  5.87790  3.03364    494 e - - -
          2.68620  4.42231  2.77521  2.73126  3.46360  2.40471  3.72498  3.29358  2.67747  2.69357  4.24696  2.90353  2.73746  3.18146  2.89807  2.37892  2.77526  2.98524  4.58483  3.61489
          0.12422  2.16989  5.94447  0.25283  1.49878  0.51338  0.91247
     69   2.70422  4.42865  4.67455  4.07797  2.64831  4.12404  4.42051  2.60784  3.76857  1.08909  3.47157  4.06340  4.51897  3.42444  2.75489  3.34231  3.20480  2.27008  5.06726  3.82916    499 l - - -
          2.68618  4.42225  2.77519  2.73123  3.46354  2.40513  3.72494  3.29354  2.67741  2.69355  4.24690  2.90347  2.73739  3.18146  2.89801  2.37887  2.77519  2.98518  4.58477  3.61503
          0.01643  5.22212  4.51903  0.61958  0.77255  0.48739  0.95250
     70   2.95950  5.47614  3.21743  2.65472  4.45154  1.77995  3.90239  4.16582  1.78967  3.70290  4.51858  2.51336  4.14867  2.25906  2.70761  2.68135  3.14577  3.82550  5.90997  4.50497    500 g - - -
          2.68618  4.42225  2.77519  2.73123  3.46354  2.40513  3.72494  3.29354  2.67741  2.69355  4.24690  2.90347  2.73739  3.18146  2.89801  2.37887  2.77519  2.98518  4.58477  3.61503
          0.01312  5.21843  4.87753  0.61958  0.77255  0.51050  0.91678
     71   3.01980  4.41712  4.99428  4.33041  2.81213  4.21183  4.54411  1.70241  4.16796  1.10145  3.26818  4.31550  4.41331  4.15040  4.17958  3.46522  3.22592  2.32740  4.76538  3.44603    501 l - - -
          2.68618  4.42225  2.77520  2.73121  3.46354  2.40513  3.72494  3.29354  2.67741  2.69355  4.24690  2.90347  2.73740  3.18146  2.89801  2.37887  2.77520  2.98518  4.58477  3.61503
          0.01133  4.75221  5.93851  0.57439  0.82794  0.47496  0.97262
     72   2.97208  5.46576  3.09925  2.48113  4.80189  3.24491  3.83538  4.24669  2.51741  3.14594  4.39807  2.44156  1.61910  2.72715  2.54315  2.62558  2.93012  3.76957  5.28867  4.28810    503 p - - -
          2.68616  4.42232  2.77525  2.73126  3.46348  2.40514  3.72497  3.29358  2.67745  2.69348  4.24685  2.90345  2.73733  3.18136  2.89797  2.37893  2.77519  2.98515  4.58483  3.61507
          0.03495  3.45028  5.94952  1.18601  0.36447  0.49750  0.93662
     73   2.29850  2.91424  3.88162  3.18976  3.10525  3.98437  2.73598  2.91410  2.50690  2.90115  3.70351  3.70938  3.25904  3.48718  3.42139  2.54868  2.38904  2.23269  5.30839  3.45261    512 v - - -
          2.68618  4.42225  2.77519  2.73123  3.46354  2.40513  3.72494  3.29354  2.67741  2.69355  4.24690  2.90347  2.73739  3.18146  2.89801  2.37887  2.77519  2.98518  4.58477  3.61503
          0.00801  5.22718  5.94952  0.61958  0.77255  0.49750  0.93662
     74   1.83101  4.59599  4.05684  3.32117  3.14804  3.34292  4.21850  2.73073  3.07076  2.04845  3.66508  3.90145  4.43066  3.62909  3.55807  2.45758  2.96055  1.79440  5.19521  3.87272    513 v - - -
          2.68618  4.42225  2.77519  2.73123  3.46354  2.40513  3.72494  3.29354  2.67741  2.69355  4.24690  2.90347  2.73739  3.18146  2.89801  2.37887  2.77519  2.98518  4.58477  3.61503
          0.00801  5.22718  5.94952  0.61958  0.77255  0.49750  0.93662
     75   2.93552  4.43267  4.79157  4.13259  2.23256  4.17123  3.59889  1.73782  2.72080  1.66455  3.46687  4.26633  4.46746  3.62517  4.00872  3.47351  3.12940  2.15270  5.05110  3.48085    514 l - - -
          2.68618  4.42225  2.77519  2.73123  3.46354  2.40513  3.72494  3.29354  2.67741  2.69353  4.24690  2.90347  2.73740  3.18146  2.89801  2.37887  2.77519  2.98518  4.58477  3.61503
          0.01614  4.89852  4.76123  0.58899  0.80943  0.49750  0.93662
     76   3.74031  6.40509  2.48279  0.43054  5.68160  3.85738  4.52847  5.23201  3.55955  4.54003  5.53451  3.35811  4.60957  3.48512  4.17618  3.53109  4.02906  4.55674  6.83308  4.85570    516 E - - -
          2.68618  4.42225  2.77519  2.73123  3.46354  2.40513  3.72494  3.29354  2.67741  2.69355  4.24690  2.90347  2.73739  3.18146  2.89801  2.37887  2.77519  2.98518  4.58477  3.61503
          0.17521  5.22144  1.86227  0.61958  0.77255  0.47508  0.97243
     77   2.61174  4.80213  3.43536  2.69553  4.11607  3.45315  4.01251  2.75628  2.42968  2.38570  3.86335  3.22747  1.83875  3.06370  3.01640  2.83587  3.05739  2.90692  5.31313  3.56170    517 p - - -
          2.68618  4.42225  2.77520  2.73123  3.46354  2.40513  3.72495  3.29354  2.67741  2.69355  4.24690  2.90344  2.73740  3.18146  2.89801  2.37885  2.77520  2.98518  4.58477  3.61503
          0.01737  4.65356  4.86788  0.62594  0.76520  0.29216  1.37299
     78   2.37675  5.48401  1.89004  2.30126  4.68764  3.21891  3.34409  4.31391  2.17355  3.47475  4.26271  2.29892  3.63654  2.87563  3.12769  2.83162  2.83439  3.70497  5.91710  3.76306    520 d - - -
          2.68609  4.42244  2.77523  2.73142  3.46312  2.40511  3.72513  3.29373  2.67759  2.69318  4.24577  2.90348  2.73758  3.18142  2.89819  2.37885  2.77523  2.98500  4.58496  3.61522
          0.02652  3.74807  5.94742  2.16358  0.12207  0.48993  0.94848
     79   3.40203  4.90005  3.98310  3.29641  5.23777  4.23390  4.19787  4.60192  0.54491  3.87491  4.81774  3.73843  4.59368  2.94829  2.62663  3.15223  3.71106  4.24752  6.09688  4.88173    541 K - - -
          2.68618  4.42225  2.77519  2.73123  3.46354  2.40513  3.72494  3.29354  2.67741  2.69355  4.24690  2.90347  2.73739  3.18146  2.89801  2.37887  2.77519  2.98518  4.58477  3.61503
          0.00800  5.22783  5.95017  0.61958  0.77255  0.49604  0.93888
     80   2.06151  3.64984  3.73975  3.17550  3.59465  3.63697  3.96602  3.21155  2.59479  2.50120  2.33591  3.33787  3.66250  3.31143  2.90187  2.67419  2.13433  2.97640  5.38698  3.94296    542 a - - -
          2.68618  4.42225  2.77519  2.73123  3.46354  2.40513  3.72494  3.29354  2.67741  2.69355  4.24690  2.90347  2.73739  3.18146  2.89801  2.37887  2.77519  2.98518  4.58477  3.61503
          0.00800  5.22792  5.95027  0.61958  0.77255  0.49604  0.93888
     81   4.02582  5.34601  4.95712  3.70230  2.77163  4.88419  1.28739  4.03575  4.10425  3.51024  4.62173  4.52291  5.22032  4.52739  4.54995  4.09596  4.24684  3.86422  3.52694  0.89966    543 y - - -
          2.68618  4.42225  2.77519  2.73123  3.46354  2.40513  3.72494  3.29354  2.67741  2.69355  4.24690  2.90347  2.73739  3.18146  2.89801  2.37887  2.77519  2.98518  4.58477  3.61503
          0.01262  5.22792  4.93671  0.61958  0.77255  0.49604  0.93888
     82   3.01742  4.34088  5.01929  4.77790  5.53382  3.75954  5.57180  4.99451  4.69929  4.68425  5.46095  4.48957  0.52543  4.92209  4.67129  1.71594  3.10140  4.23223  6.87665  5.77403    544 P - - -
          2.68618  4.42225  2.77519  2.73123  3.46354  2.40513  3.72494  3.29354  2.67741  2.69355  4.24690  2.90347  2.73739  3.18146  2.89801  2.37887  2.77519  2.98518  4.58477  3.61503
          0.00804  5.22334  5.94569  0.61958  0.77255  0.50521  0.92478
     83   2.87685  5.32939  3.46131  2.94587  5.05172  3.95729  4.06818  4.48520  1.83427  3.90509  4.70737  3.18504  4.35734  2.43546  1.01100  3.06948  3.45528  4.07911  6.01900  4.69708    545 r - - -
          2.68618  4.42225  2.77519  2.73123  3.46354  2.40513  3.72494  3.29354  2.67741  2.69355  4.24690  2.90347  2.73739  3.18146  2.89801  2.37887  2.77519  2.98518  4.58477  3.61503
          0.00803  5.22452  5.94687  0.61958  0.77255  0.50789  0.92072
     84   3.58594  6.38089  0.73957  1.53395  5.66619  3.96485  4.49491  5.21576  3.15705  4.66261  5.49199  3.21438  3.55983  3.59846  4.13369  3.51033  3.66604  4.74876  6.80261  5.25860    546 d - - -
          2.68618  4.42225  2.77519  2.73123  3.46354  2.40513  3.72494  3.29354  2.67741  2.69355  4.24690  2.90347  2.73739  3.18146  2.89801  2.37887  2.77519  2.98518  4.58477  3.61503
          0.00803  5.22452  5.94687  0.61958  0.77255  0.50457  0.92575
     85   2.70950  4.49277  4.31990  3.73891  2.07708  3.68363  4.38060  2.74985  3.47194  2.68910  3.65458  3.91536  3.32837  3.86141  2.56538  3.31970  3.21923  2.78830  1.53325  3.64263    547 w - - -
          2.68560  4.42265  2.77486  2.73139  3.46402  2.40569  3.72544  3.29387  2.67772  2.69370  4.24692  2.90173  2.73762  3.18188  2.89705  2.37897  2.77533  2.98526  4.58514  3.61547
          0.31255  1.33188  5.41625  1.38961  0.28658  0.50589  0.92375
     86   2.05754  4.70546  3.69656  2.61156  2.66944  3.20228  4.16847  2.88399  3.28261  2.19555  2.61958  3.66969  4.20705  2.21142  3.64247  3.02255  3.21877  2.68646  4.44173  4.05918    558 a - - -
          2.68618  4.42225  2.77519  2.73123  3.46354  2.40513  3.72494  3.29354  2.67741  2.69355  4.24690  2.90347  2.73739  3.18146  2.89801  2.37887  2.77519  2.98518  4.58477  3.61503
          0.00804  5.22327  5.94561  0.61958  0.77255  0.50175  0.93006
     87   2.92878  4.61486  3.16537  2.79563  3.68564  3.73660  3.94195  3.71956  2.80479  3.24681  4.07575  1.75650  3.58254  2.13087  3.20852  2.78599  3.12516  2.60478  5.67682  2.50293    559 n - - -
          2.68618  4.42225  2.77519  2.73123  3.46354  2.40513  3.72494  3.29354  2.67741  2.69355  4.24690  2.90347  2.73739  3.18146  2.89801  2.37887  2.77519  2.98518  4.58477  3.61503
          0.00802  5.22510  5.94744  0.61958  0.77255  0.50589  0.92375
     88   2.75647  5.25351  3.34251  2.70440  4.15601  3.67878  3.50712  3.72116  2.66466  3.32099  4.13054  3.31258  1.84836  2.97452  1.72449  2.67833  3.02044  2.88691  5.74150  4.39003    560 r - - -
          2.68618  4.42225  2.77519  2.73123  3.46354  2.40513  3.72494  3.29354  2.67741  2.69355  4.24690  2.90347  2.73739  3.18146  2.89801  2.37887  2.77519  2.98518  4.58477  3.61503
          0.00802  5.22510  5.94744  0.61958  0.77255  0.50589  0.92375
     89   3.55688  4.36164  5.17854  5.28209  5.62646  0.16855  5.94514  5.38318  5.18240  5.04493  5.92375  4.98472  5.00977  5.45159  5.25098  3.77626  4.12023  4.68970  5.76390  5.79550    561 G - - -
          2.68618  4.42225  2.77519  2.73123  3.46354  2.40513  3.72494  3.29354  2.67741  2.69355  4.24690  2.90347  2.73739  3.18146  2.89801  2.37887  2.77519  2.98518  4.58477  3.61503
          0.00802  5.22510  5.94744  0.61958  0.77255  0.50589  0.92375
     90   4.43796  6.17213  5.32889  4.38914  4.81809  4.78560  4.70503  5.10553  2.93817  4.34696  5.44790  4.59774  5.24726  3.96987  0.26167  4.47610  4.57962  4.86219  3.72375  4.64814    562 R - - -
          2.68618  4.42225  2.77519  2.73123  3.46354  2.40513  3.72494  3.29354  2.67741  2.69355  4.24690  2.90347  2.73739  3.18146  2.89801  2.37887  2.77519  2.98518  4.58477  3.61503
          0.03288  5.22510  3.61306  0.61958  0.77255  0.50589  0.92375
     91   3.02732  4.85096  2.76856  4.64720  4.14086  4.80965  5.25108  1.79716  4.48412  2.59228  4.02203  4.84362  5.13732  4.79362  4.74024  4.14551  3.75515  0.71378  5.85450  4.64521    563 v - - -
          2.68618  4.42225  2.77519  2.73123  3.46354  2.40513  3.72494  3.29354  2.67741  2.69355  4.24690  2.90347  2.73739  3.18146  2.89801  2.37887  2.77519  2.98518  4.58477  3.61503
          0.00823  5.20044  5.92279  0.61958  0.77255  0.58683  0.81213
     92   3.74249  5.91372  3.98804  3.35622  5.43513  4.34516  4.24098  4.76394  1.70713  4.14895  4.99192  3.85569  4.70079  3.33142  0.63650  3.30685  3.88765  4.42576  5.30585  4.99036    564 R - - -
          2.68619  4.42226  2.77520  2.73124  3.46354  2.40513  3.72495  3.29355  2.67741  2.69355  4.24690  2.90347  2.73740  3.18147  2.89794  2.37887  2.77520  2.98511  4.58477  3.61504
          0.01588  4.33697  5.92279  0.63453  0.75541  0.58683  0.81213
     93   3.08236  4.55497  5.01649  3.80168  3.22407  4.38408  4.73743  2.19747  4.25347  2.61311  3.62612  4.20012  4.73687  4.42501  4.32701  3.69842  3.33640  0.70292  5.27039  3.96999    567 v - - -
          2.68618  4.42225  2.77519  2.73123  3.46354  2.40513  3.72494  3.29354  2.67741  2.69355  4.24690  2.90347  2.73739  3.18146  2.89801  2.37887  2.77519  2.98518  4.58477  3.61503
          0.00823  5.20044  5.92279  0.61958  0.77255  0.58683  0.81213
     94   2.87814  5.02169  3.11615  2.49861  4.45864  3.55292  3.70057  4.05400  2.48839  2.34479  4.02703  3.00001  4.01761  1.39310  2.62613  2.88480  3.05946  3.66724  5.85082  4.42501    568 q - - -
          2.68625  4.42159  2.77512  2.73117  3.46333  2.40510  3.72501  3.29361  2.67735  2.69349  4.24697  2.90337  2.73746  3.18153  2.89808  2.37894  2.77526  2.98525  4.58484  3.61510
          0.02599  3.77344  5.92279  1.40653  0.28103  0.58014  0.82058
     95   3.67496  4.99304  5.61566  5.00747  3.06430  4.89941  5.19224  2.40061  4.81735  0.52482  3.14897  5.05670  5.14308  4.83463  4.79490  4.23105  3.69626  2.89856  3.63746  4.17825    577 L - - -
          2.68618  4.42225  2.77519  2.73123  3.46354  2.40513  3.72494  3.29354  2.67741  2.69355  4.24690  2.90347  2.73739  3.18146  2.89801  2.37887  2.77519  2.98518  4.58477  3.61503
          0.00822  5.20164  5.92398  0.61958  0.77255  0.58309  0.81684
     96   2.83580  5.23519  3.32548  2.72308  3.17903  3.75736  3.84823  3.91835  1.12771  3.36058  4.30068  3.28622  3.64534  3.05010  2.62637  2.92464  2.96941  3.08504  4.79857  4.27048    578 k - - -
          2.68618  4.42225  2.77519  2.73123  3.46354  2.40513  3.72494  3.29354  2.67741  2.69355  4.24690  2.90347  2.73739  3.18146  2.89801  2.37887  2.77519  2.98518  4.58477  3.61503
          0.01726  5.20164  4.45660  0.61958  0.77255  0.58309  0.81684
     97   2.83473  5.27945  2.31829  2.37943  4.47308  3.28425  3.29360  4.27528  1.95893  3.65640  4.24688  2.26740  3.98182  2.10657  2.57284  2.84120  3.01356  3.85268  5.90450  4.38636    579 k - - -
          2.68618  4.42225  2.77519  2.73123  3.46354  2.40513  3.72494  3.29354  2.67741  2.69355  4.24690  2.90347  2.73739  3.18146  2.89801  2.37887  2.77519  2.98518  4.58477  3.61503
          0.23455  5.19267  1.59199  0.61958  0.77255  0.56180  0.84439
     98   2.55864  5.37215  2.05938  1.51871  4.35497  3.48632  3.63994  3.95890  2.44211  3.58554  4.37080  2.87938  3.56430  2.83221  3.02742  2.61747  2.96698  3.74167  5.80680  4.39762    580 e - - -
          2.68618  4.42225  2.77519  2.73123  3.46354  2.40513  3.72494  3.29354  2.67741  2.69355  4.24690  2.90347  2.73739  3.18146  2.89801  2.37887  2.77519  2.98518  4.58477  3.61503
          0.11473  4.97971  2.28750  0.61958  0.77255  0.33635  1.25306
     99   2.78378  5.42137  1.55486  2.00413  4.66767  3.40290  3.81557  4.11153  2.54582  3.73167  4.47020  2.59455  3.58997  2.85931  3.12769  2.72217  3.16443  2.70264  5.85248  4.45539    581 d - - -
          2.68617  4.42244  2.77439  2.73133  3.46367  2.40501  3.72500  3.29374  2.67753  2.69368  4.24709  2.90354  2.73744  3.18113  2.89804  2.37898  2.77514  2.98537  4.58496  3.61523
          0.25107  1.57943  4.13907  0.75286  0.63680  0.55311  0.85604
    100   2.89447  5.41911  2.96211  2.64842  4.63369  1.11099  3.65052  4.20306  2.50176  3.71289  4.47129  2.97765  3.96285  3.01828  2.98934  2.79838  2.97200  3.70224  5.87008  4.47570    597 g - - -
          2.68618  4.42225  2.77519  2.73123  3.46354  2.40513  3.72494  3.29354  2.67741  2.69355  4.24690  2.90347  2.73739  3.18146  2.89801  2.37887  2.77519  2.98518  4.58477  3.61503
          0.04041  5.15528  3.38614  0.61958  0.77255  0.68124  0.70520
    101   2.80239  5.42240  3.15293  2.39494  4.31160  3.62869  3.78054  4.09888  2.09249  3.64863  4.31679  2.90430  3.84129  2.64653  2.67783  1.74154  2.07145  3.63111  5.86000  4.38626    598 s - - -
          2.68618  4.42225  2.77519  2.73123  3.46354  2.40513  3.72494  3.29354  2.67741  2.69355  4.24690  2.90347  2.73739  3.18146  2.89801  2.37887  2.77519  2.98518  4.58477  3.61503
          0.01287  5.12914  4.98092  0.61958  0.77255  0.66246  0.72481
    102   2.72618  4.44734  4.46784  3.85831  3.00316  3.52880  4.29593  2.84883  3.69116  1.50639  3.27522  3.91816  1.62727  3.88601  3.92673  3.28039  2.89674  2.65005  4.65722  3.65953    599 l - - -
          2.68618  4.42225  2.77519  2.73123  3.46354  2.40513  3.72494  3.29354  2.67741  2.69355  4.24690  2.90347  2.73739  3.18146  2.89801  2.37887  2.77519  2.98518  4.58477  3.61503
          0.00981  5.14774  5.53506  0.61958  0.77255  0.67418  0.71249
    103   2.72456  2.18156  4.58501  3.08188  3.38694  3.76269  3.66074  2.28576  3.47993  2.14687  3.09664  3.99692  4.18564  3.96289  3.33140  3.24593  2.81119  1.91427  4.65142  3.12855    600 v - - -
          2.68618  4.42225  2.77519  2.73123  3.46354  2.40513  3.72494  3.29354  2.67741  2.69355  4.24690  2.90347  2.73739  3.18146  2.89801  2.37887  2.77519  2.98518  4.58477  3.61503
          0.01081  5.15707  5.29947  0.61958  0.77255  0.60349  0.79164
    104   2.87532  5.02680  2.83446  2.67374  4.22396  3.63069  3.08711  4.11618  2.52524  2.36317  4.26612  1.52954  3.66922  2.94875  3.08565  2.51185  3.03014  3.43512  5.81579  4.33070    601 n - - -
          2.68618  4.42225  2.77519  2.73123  3.46354  2.40513  3.72494  3.29354  2.67741  2.69355  4.24690  2.90347  2.73739  3.18146  2.89801  2.37887  2.77519  2.98518  4.58477  3.61503
          0.03315  5.17252  3.61417  0.61958  0.77255  0.58742  0.81139
    105   2.48399  5.37030  2.90465  2.53098  4.57239  3.35241  3.78209  4.07094  2.53567  3.62555  4.42043  3.11364  1.65664  2.90219  2.98433  2.48583  2.97857  2.48123  5.82467  4.33237    602 p - - -
          2.68612  4.42233  2.77527  2.73130  3.46362  2.40519  3.72494  3.29360  2.67720  2.69363  4.24698  2.90353  2.73747  3.18153  2.89773  2.37882  2.77527  2.98503  4.58485  3.61509
          0.04996  3.10764  5.51605  1.15271  0.37948  0.58234  0.81778
    106   2.05210  5.46334  2.60014  2.13779  4.29928  3.24054  3.77788  3.87453  2.31642  3.65135  4.50417  2.77612  3.96991  2.05479  2.72202  2.67566  2.91076  3.49719  5.89641  4.44211    609 a - - -
          2.68618  4.42225  2.77519  2.73123  3.46354  2.40513  3.72494  3.29354  2.67741  2.69355  4.24690  2.90347  2.73739  3.18146  2.89801  2.37887  2.77519  2.98518  4.58477  3.61503
          0.02088  5.17916  4.19766  0.61958  0.77255  0.58856  0.80996
    107   2.91468  4.39616  4.95084  4.33923  2.28100  4.18903  4.52201  1.22622  3.67806  2.39255  3.51190  4.34024  4.49657  4.27043  4.15319  3.45392  3.18925  1.73358  4.86677  3.37639    610 i - - -
          2.68618  4.42225  2.77519  2.73123  3.46354  2.40513  3.72494  3.29354  2.67741  2.69355  4.24690  2.90347  2.73739  3.18146  2.89801  2.37887  2.77519  2.98518  4.58477  3.61503
          0.00844  5.17525  5.89759  0.61958  0.77255  0.52930  0.88920
    108   2.74364  5.41645  3.17865  2.65358  4.40590  3.44414  3.71909  3.87936  1.75000  3.63421  4.34893  3.15377  1.79610  2.85088  2.80828  2.61101  2.66434  3.75799  5.86341  3.86285    611 k - - -
          2.68618  4.42225  2.77519  2.73123  3.46354  2.40513  3.72494  3.29354  2.67741  2.69355  4.24690  2.90347  2.73739  3.18146  2.89801  2.37887  2.77519  2.98518  4.58477  3.61503
          0.01387  5.19743  4.79889  0.61958  0.77255  0.57177  0.83132
    109   2.96296  5.11912  3.07545  2.68424  4.06740  3.47420  3.56757  4.18512  2.58127  3.62820  4.45110  1.93607  2.87760  2.99442  3.16383  1.95948  1.88822  3.77764  5.85297  4.46004    612 t - - -
          2.68618  4.42225  2.77519  2.73123  3.46354  2.40513  3.72494  3.29354  2.67741  2.69355  4.24690  2.90347  2.73739  3.18146  2.89801  2.37887  2.77519  2.98518  4.58477  3.61503
          0.00830  5.19170  5.91405  0.61958  0.77255  0.45123  1.01292
    110   3.23252  4.61493  3.54805  2.90269  5.01720  3.89964  2.68411  4.44876  1.25761  3.90484  4.68162  3.44933  4.34834  3.08543  1.52143  2.62954  3.31755  4.04828  5.99836  4.67746    613 k - - -
          2.68610  4.41852  2.77576  2.73159  3.46359  2.40528  3.72585  3.29275  2.67800  2.69272  4.24634  2.90311  2.73792  3.18176  2.89821  2.37886  2.77517  2.98520  4.58455  3.61402
          0.11011  2.28640  5.94091  2.72794  0.06759  0.50466  0.92561
    111   2.84540  5.33708  2.94759  2.61573  3.74159  3.26263  2.63232  3.63535  1.32425  3.64676  3.98294  3.17193  4.00529  2.80029  2.57487  2.89571  3.02880  3.82073  5.70042  4.23265    657 k - - -
          2.68618  4.42225  2.77519  2.73123  3.46354  2.40513  3.72494  3.29354  2.67741  2.69355  4.24690  2.90347  2.73739  3.18146  2.89801  2.37887  2.77519  2.98518  4.58477  3.61503
          0.01459  5.21095  4.70751  0.61958  0.77255  0.50466  0.92561
    112   2.43727  5.37118  2.75743  2.46530  4.57032  3.60389  2.41453  3.89265  2.61715  3.43802  4.17593  3.20800  3.72719  2.10039  2.94469  1.92515  2.96191  3.30180  5.73183  4.23459    658 s - - -
          2.68643  4.42250  2.77545  2.73148  3.46357  2.40532  3.72520  3.29291  2.67766  2.69250  4.24713  2.90372  2.73744  3.18172  2.89826  2.37912  2.77545  2.98379  4.58502  3.61439
          0.45822  1.00806  5.92690  0.35964  1.19708  0.52622  0.89364
    113   3.06344  4.47025  5.03310  4.42027  2.90661  3.67308  4.59756  2.41734  4.21300  1.09716  1.75578  4.42222  4.62169  4.33862  4.22760  3.53359  3.31687  2.59564  4.77527  3.70478    663 l - - -
          2.68618  4.42225  2.77519  2.73123  3.46354  2.40513  3.72494  3.29354  2.67741  2.69355  4.24690  2.90347  2.73739  3.18146  2.89801  2.37887  2.77519  2.98518  4.58477  3.61503
          0.37079  5.20370  1.18968  0.61958  0.77255  0.52622  0.89364
    114   2.48400  4.24204  4.59509  3.99286  2.36887  3.97906  4.27033  2.57897  3.81998  1.82896  2.27616  3.65576  4.31013  3.96064  3.81388  2.91140  3.06556  2.46382  4.75068  2.19651    664 l - - -
          2.68608  4.42228  2.77523  2.73127  3.46357  2.40516  3.72498  3.29357  2.67731  2.69345  4.24693  2.90350  2.73743  3.18150  2.89788  2.37890  2.77523  2.98522  4.58480  3.61506
          0.03730  3.41766  5.56701  0.96835  0.47757  0.21820  1.62945
    115   2.89759  3.63903  3.37993  2.65129  3.15842  3.90313  4.07327  2.43045  2.62330  1.70788  3.85987  3.18030  3.65118  3.12795  2.76010  3.06371  2.98410  2.61544  5.38753  3.82819    669 l - - -
          2.68618  4.42225  2.77519  2.73123  3.46354  2.40513  3.72494  3.29354  2.67741  2.69355  4.24690  2.90347  2.73739  3.18146  2.89801  2.37887  2.77519  2.98518  4.58477  3.61503
          0.00816  5.20805  5.93040  0.61958  0.77255  0.50672  0.92249
    116   2.41519  5.29799  3.25930  2.51890  3.99236  3.77770  3.34525  3.85121  2.17042  2.26169  3.82681  3.04814  4.16914  2.62992  2.56445  2.73808  3.14380  3.52311  5.77439  2.33947    670 k - - -
          2.68618  4.42225  2.77519  2.73123  3.46354  2.40513  3.72494  3.29354  2.67741  2.69355  4.24690  2.90347  2.73739  3.18146  2.89801  2.37887  2.77519  2.98518  4.58477  3.61503
          0.00816  5.20851  5.93085  0.61958  0.77255  0.50773  0.92096
    117   2.56441  4.22817  4.92489  4.45366  3.60879  4.33840  4.69047  1.51141  4.28118  2.28589  2.21008  4.48894  4.69372  4.42653  4.31052  3.63249  2.47586  1.53995  5.18868  4.00888    671 i - - -
          2.68618  4.42225  2.77519  2.73123  3.46354  2.40513  3.72494  3.29354  2.67741  2.69355  4.24690  2.90347  2.73739  3.18146  2.89801  2.37887  2.77519  2.98518  4.58477  3.61503
          0.00816  5.20802  5.93037  0.61958  0.77255  0.50773  0.92096
    118   1.06458  3.38828  4.05153  3.42869  3.81124  2.58285  4.33098  2.93302  3.42845  2.92208  3.82087  3.83736  4.39954  3.71329  3.72395  2.56621  2.94095  2.94893  5.30414  3.50921    672 a - - -
          2.68618  4.42225  2.77519  2.73123  3.46354  2.40513  3.72494  3.29354  2.67741  2.69355  4.24690  2.90347  2.73739  3.18146  2.89801  2.37887  2.77519  2.98518  4.58477  3.61503
          0.03386  5.19627  3.58423  0.61958  0.77255  0.50773  0.92096
    119   2.77880  5.27230  2.91364  1.28297  4.12209  3.46118  3.91256  4.27893  2.17532  3.44986  4.42509  3.18073  4.06968  2.36917  2.94600  2.63609  3.01181  3.82698  5.88791  4.39152    673 e - - -
          2.68618  4.42225  2.77519  2.73123  3.46354  2.40513  3.72494  3.29354  2.67741  2.69355  4.24690  2.90347  2.73739  3.18146  2.89801  2.37887  2.77519  2.98518  4.58477  3.61503
          0.00848  5.17033  5.89268  0.61958  0.77255  0.58852  0.81001
    120   2.92954  4.32850  4.48620  3.65162  3.39695  4.09759  3.19587  2.77814  3.27803  1.70033  1.94756  3.90715  4.46666  3.31777  3.84132  3.09188  2.89568  2.51325  4.25573  2.35482    674 l - - -
          2.68618  4.42225  2.77519  2.73123  3.46354  2.40513  3.72494  3.29354  2.67741  2.69355  4.24690  2.90347  2.73739  3.18146  2.89801  2.37887  2.77519  2.98518  4.58477  3.61503
          0.01043  5.17033  5.36148  0.61958  0.77255  0.55307  0.85610
    121   2.86941  4.40999  5.05633  4.36293  3.39651  4.25703  4.64218  1.23101  4.24690  1.58198  3.10027  4.45245  4.31790  4.38346  4.26735  3.59403  3.32136  1.86533  5.13177  3.81768    675 i - - -
          2.68618  4.42225  2.77519  2.73123  3.46354  2.40513  3.72494  3.29354  2.67741  2.69355  4.24690  2.90347  2.73739  3.18146  2.89801  2.37887  2.77519  2.98518  4.58477  3.61503
          0.00844  5.17503  5.89737  0.61958  0.77255  0.57422  0.82815
    122   2.64923  5.21008  3.03410  2.65092  4.69061  3.66854  3.68236  3.97085  2.12982  3.53596  3.80422  3.12494  1.60152  2.30910  2.69509  2.82311  3.18469  3.55696  5.86011  4.46169    676 p - - -
          2.68618  4.42225  2.77519  2.73123  3.46354  2.40513  3.72494  3.29354  2.67741  2.69355  4.24690  2.90347  2.73739  3.18146  2.89801  2.37887  2.77519  2.98518  4.58477  3.61503
          0.00849  5.16840  5.89074  0.61958  0.77255  0.57422  0.82815
    123   2.35013  5.45666  2.81839  2.34291  4.36867  3.72299  3.67237  4.04217  1.51963  3.54672  4.21498  3.05388  3.52980  2.53423  2.42484  2.71652  2.89098  3.79838  5.89002  4.47980    677 k - - -
          2.68618  4.42225  2.77519  2.73123  3.46354  2.40513  3.72494  3.29354  2.67741  2.69355  4.24690  2.90347  2.73739  3.18146  2.89801  2.37887  2.77519  2.98518  4.58477  3.61503
          0.01433  5.16503  4.76650  0.61958  0.77255  0.56376  0.84180
    124   2.91896  4.17674  4.04970  3.44251  3.71402  3.90271  2.12637  2.76771  3.12601  1.48446  3.51587  2.59086  4.37941  3.41770  3.43732  3.16332  3.15126  2.53645  4.03362  3.91195    678 l - - -
          2.68618  4.42225  2.77519  2.73123  3.46354  2.40513  3.72494  3.29354  2.67741  2.69355  4.24690  2.90347  2.73739  3.18146  2.89801  2.37887  2.77519  2.98518  4.58477  3.61503
          0.00946  5.16123  5.60332  0.61958  0.77255  0.58570  0.81355
    125   2.91944  3.73765  3.19627  2.55843  4.74520  3.63920  3.21526  4.12287  1.55222  3.57569  4.46205  3.05140  2.05522  2.48080  3.01105  2.76473  2.96416  3.79850  5.42137  4.45960    679 k - - -
          2.68616  4.42237  2.77532  2.73128  3.46275  2.40525  3.72467  3.29315  2.67746  2.69353  4.24702  2.90359  2.73752  3.18124  2.89787  2.37899  2.77532  2.98512  4.58489  3.61515
          0.02860  3.67262  5.88218  1.80765  0.17917  0.58839  0.81017
    126   2.78307  5.37136  3.18029  2.35642  4.68203  2.69879  3.92580  3.84444  2.49573  3.23558  4.10343  3.04938  3.16569  2.94496  3.10303  2.29079  1.54254  3.71713  5.82527  4.43613    693 t - - -
          2.68618  4.42225  2.77519  2.73123  3.46354  2.40513  3.72494  3.29354  2.67741  2.69355  4.24690  2.90347  2.73739  3.18146  2.89801  2.37887  2.77519  2.98518  4.58477  3.61503
          0.01854  5.15984  4.37161  0.61958  0.77255  0.55786  0.84965
    127   2.87858  5.44726  2.96753  2.36618  4.78862  3.40355  3.82952  4.19172  2.33688  3.72485  4.43912  3.05773  4.11561  2.78140  1.38671  2.67080  2.31110  3.66744  5.88150  4.47426    694 r - - -
          2.68618  4.42225  2.77519  2.73123  3.46354  2.40513  3.72494  3.29354  2.67741  2.69355  4.24690  2.90347  2.73739  3.18146  2.89801  2.37887  2.77519  2.98518  4.58477  3.61503
          0.09900  5.15575  2.42490  0.61958  0.77255  0.60049  0.79527
    128   2.80976  5.03708  2.95342  2.22496  4.62486  3.58231  3.84360  3.68804  2.04682  2.92496  4.20526  2.98122  3.69318  2.49670  2.73014  2.58240  2.03947  3.09889  5.46101  4.33932    695 t - - -
          2.68618  4.42225  2.77519  2.73123  3.46354  2.40513  3.72494  3.29354  2.67741  2.69355  4.24690  2.90347  2.73739  3.18146  2.89801  2.37887  2.77519  2.98518  4.58477  3.61503
          0.06744  5.06474  2.83198  0.61958  0.77255  0.43206  1.04746
    129   2.57742  5.40516  2.56701  2.22897  3.96780  3.39208  3.82213  3.24316  2.32232  3.29483  4.42004  2.92508  3.94903  2.36292  2.37400  2.76268  2.45623  2.98080  5.84460  4.44049    696 e - - -
          2.68618  4.42225  2.77519  2.73123  3.46354  2.40513  3.72494  3.29354  2.67741  2.69355  4.24690  2.90347  2.73739  3.18146  2.89801  2.37887  2.77519  2.98518  4.58477  3.61503
          0.02615  5.10647  3.92442  0.61958  0.77255  0.59415  0.80303
    130   2.82728  4.12987  2.80227  2.51521  3.76915  3.11939  3.89105  4.23555  1.63000  3.71992  4.46080  3.11918  3.02755  2.81854  2.51885  2.24714  2.65252  3.65905  5.85550  4.44941    697 k - - -
          2.68618  4.42225  2.77519  2.73123  3.46354  2.40513  3.72494  3.29354  2.67741  2.69355  4.24690  2.90347  2.73739  3.18146  2.89801  2.37887  2.77519  2.98518  4.58477  3.61503
          0.06087  5.11762  2.93621  0.61958  0.77255  0.70042  0.68593
    131   2.06096  5.23957  3.12748  2.64240  4.15747  3.53837  3.75828  3.50463  2.14161  2.77549  3.90715  2.96190  2.47927  2.77481  2.98463  2.68932  2.48354  3.29631  5.71449  4.25174    698 a - - -
          2.68618  4.42225  2.77519  2.73123  3.46354  2.40513  3.72494  3.29354  2.67741  2.69355  4.24690  2.90347  2.73739  3.18146  2.89801  2.37887  2.77519  2.98518  4.58477  3.61503
          0.22461  5.06616  1.63544  0.61958  0.77255  0.81865  0.58165
    132   2.28172  5.25577  3.08250  2.24074  4.57133  1.94001  3.79461  3.94692  2.45226  3.19186  4.15661  3.00429  3.61627  2.35351  2.87612  2.58279  2.98700  3.53830  5.70652  4.16619    699 g - - -
          2.68618  4.42225  2.77519  2.73123  3.46354  2.40513  3.72494  3.29354  2.67741  2.69355  4.24690  2.90347  2.73739  3.18146  2.89801  2.37887  2.77519  2.98518  4.58477  3.61503
          0.11428  4.85385  2.30065  0.61958  0.77255  0.69064  0.69566
    133   2.38874  5.25988  2.35153  2.24788  3.63182  2.48999  3.80694  3.80986  2.19418  2.60193  4.09451  3.10212  3.65000  2.84913  2.99087  2.64232  3.03636  3.62577  5.71484  4.01688    700 k - - -
          2.68618  4.42225  2.77519  2.73123  3.46354  2.40513  3.72494  3.29354  2.67741  2.69355  4.24690  2.90347  2.73739  3.18146  2.89801  2.37887  2.77519  2.98518  4.58477  3.61503
          0.04458  4.90889  3.31808  0.61958  0.77255  1.07454  0.41772
    134   2.47093  5.31488  2.95883  2.17372  4.22717  2.54271  3.74286  4.09699  2.38759  3.53549  4.35826  3.06250  3.68129  2.77115  2.18656  1.99283  2.96623  3.61794  5.75356  4.34880    701 s - - -
          2.68624  4.42232  2.77475  2.73130  3.46361  2.40520  3.72499  3.29357  2.67748  2.69362  4.24697  2.90350  2.73737  3.18102  2.89808  2.37887  2.77525  2.98525  4.58484  3.61510
          0.12606  2.16797  5.51387  0.61742  0.77508  0.30433  1.33796
    135   2.40850  5.05218  2.35797  2.06161  4.57576  3.37469  3.85651  3.59154  2.51113  2.71039  4.08877  2.85237  2.86127  2.86144  3.06804  2.41191  2.98784  2.99893  5.84665  4.36225    704 e - - -
          2.68481  4.42314  2.77606  2.73121  3.46421  2.40654  3.72615  3.29188  2.67733  2.69422  4.24633  2.90452  2.73536  3.18137  2.89784  2.37859  2.77508  2.98469  4.58612  3.61549
          0.91202  0.64528  2.60680  1.90487  0.16116  0.59607  0.80067
    136   2.34390  5.41514  2.80331  2.26027  4.40159  3.17032  3.68210  4.24292  2.48269  3.56555  4.32600  2.74463  3.22490  2.05970  2.79845  2.29171  2.79237  3.73977  5.84897  3.36898    739 q - - -
          2.68618  4.42225  2.77519  2.73123  3.46354  2.40513  3.72494  3.29354  2.67741  2.69355  4.24690  2.90347  2.73739  3.18146  2.89801  2.37887  2.77519  2.98518  4.58477  3.61503
          0.11449  5.07913  2.28322  0.61958  0.77255  0.78242  0.61120
    137   2.25064  5.28621  3.09266  2.29075  4.57624  2.08024  3.80507  3.78972  2.54966  3.09497  4.33674  2.83877  3.76122  2.77521  3.03999  2.40693  2.33009  3.46913  5.74143  4.35357    740 g - - -
          2.68478  4.42310  2.77552  2.73176  3.46375  2.40505  3.72574  3.29402  2.67763  2.69349  4.24328  2.90399  2.73644  3.18177  2.89856  2.37877  2.77518  2.98524  4.58562  3.61577
          0.76236  0.84250  2.27493  1.55146  0.23818  0.67756  0.70898
    138   2.13156  5.23113  3.04214  2.58366  4.29451  3.16128  3.78338  3.97263  2.19105  2.26722  4.21231  3.00256  2.60699  2.68863  3.00148  2.58820  2.82707  3.43812  5.69722  4.26515    756 a - - -
          2.68618  4.42225  2.77519  2.73123  3.46354  2.40513  3.72494  3.29354  2.67741  2.69355  4.24690  2.90347  2.73739  3.18146  2.89801  2.37887  2.77519  2.98518  4.58477  3.61503
          0.28931  4.95532  1.40989  0.61958  0.77255  0.40258  1.10442
    139   2.58249  5.33112  2.75707  2.18803  4.04034  3.50173  3.75691  3.68977  2.21779  3.41350  4.32518  2.86695  2.76316  2.32175  2.75742  2.27562  2.82752  3.50403  5.39234  4.21012    757 e - - -
          2.68449  4.42891  2.77952  2.73324  3.46710  2.40342  3.72706  3.29472  2.67004  2.69387  4.22763  2.90658  2.73056  3.18438  2.89992  2.37980  2.77772  2.98597  4.58462  3.61920
          1.53751  0.24655  5.62923  3.49430  0.03084  0.41001  1.08958
    140   2.20087  5.34265  3.11482  2.34576  4.27242  3.01989  3.83274  4.01733  1.91084  3.59263  4.35469  2.78944  3.46316  2.21987  2.68437  2.48546  3.04229  3.28667  5.76534  4.38879    857 k - - -
          2.68597  4.42271  2.77549  2.73022  3.46389  2.40514  3.72541  3.29387  2.67771  2.69337  4.24036  2.90389  2.73748  3.18053  2.89838  2.37928  2.77547  2.98564  4.58523  3.61549
          0.77579  0.94979  1.87838  1.09052  0.40954  0.47617  0.97064
    141   2.35751  5.29591  2.98989  2.48023  4.47531  2.33374  3.73571  3.98170  2.27286  3.42624  4.17866  2.89973  3.04105  1.98694  2.98605  2.60743  2.88246  3.56810  5.73844  4.33754    865 q - - -
          2.68146  4.42576  2.77701  2.73302  3.46728  2.39516  3.72833  3.29618  2.67878  2.69485  4.22884  2.90587  2.73599  3.18164  2.90158  2.37940  2.77750  2.98842  4.58764  3.61896
          1.49684  0.43235  2.06213  2.78861  0.06348  0.88768  0.53036
    142   2.10449  5.24254  2.92209  2.12695  4.51323  2.81376  3.74027  3.93311  2.16690  3.48732  4.12921  2.96880  3.20668  2.74328  2.97162  2.25166  2.71471  3.56704  5.68527  4.28434    945 a - - -
          2.68584  4.42245  2.77532  2.73107  3.46374  2.40503  3.72514  3.29364  2.67733  2.69370  4.24709  2.90355  2.73737  3.18160  2.89818  2.37854  2.77532  2.98530  4.58497  3.61523
          1.22589  0.62688  1.75882  0.23065  1.57995  1.07627  0.41683
    143   2.30794  5.12282  2.98187  2.31175  4.42924  2.85208  3.62668  3.78355  2.22498  3.41147  3.98390  2.94524  3.28006  2.58963  2.84336  2.07513  2.87088  3.18032  5.57956  4.19360    949 s - - -
          2.68618  4.42225  2.77519  2.73123  3.46354  2.40513  3.72494  3.29354  2.67741  2.69355  4.24690  2.90347  2.73739  3.18146  2.89801  2.37887  2.77519  2.98518  4.58477  3.61503
          0.06757  4.54201  2.90613  0.61958  0.77255  1.10677  0.40141
    144   2.61918  5.12584  2.95528  2.34127  4.16396  2.42926  3.69394  3.77234  2.04926  3.37103  3.96375  2.98677  2.83456  2.67324  2.82195  2.33515  2.93256  3.44122  5.58223  4.15586    950 k - - -
          2.68618  4.42225  2.77519  2.73123  3.46354  2.40513  3.72494  3.29354  2.67741  2.69355  4.24690  2.90347  2.73739  3.18146  2.89801  2.37887  2.77519  2.98518  4.58477  3.61503
          0.05633  4.54885  3.11915  0.61958  0.77255  0.74573  0.64319
    145   2.54549  5.23882  2.99323  2.44716  4.56443  2.23592  3.75707  3.85738  1.57011  3.53407  4.28994  2.95063  3.96307  2.78996  2.82919  2.51878  2.98185  3.62009  5.68406  4.29305    951 k - - -
          2.68612  4.42243  2.77520  2.73138  3.46371  2.40517  3.72512  3.29368  2.67726  2.69345  4.24588  2.90336  2.73729  3.18128  2.89781  2.37897  2.77535  2.98534  4.58494  3.61521
          0.18750  1.86205  4.15941  1.22529  0.34767  1.03061  0.44128
    146   2.76431  5.25696  3.01691  1.94226  4.59209  2.90285  3.73675  3.86225  1.64730  3.49029  4.05735  2.89465  3.28128  2.65345  2.87822  2.68134  2.88705  3.56019  5.69499  4.29171    964 k - - -
          2.68618  4.42225  2.77519  2.73123  3.46354  2.40513  3.72494  3.29354  2.67741  2.69355  4.24690  2.90347  2.73739  3.18146  2.89801  2.37887  2.77519  2.98518  4.58477  3.61503
          0.04532  4.72031  3.34127  0.61958  0.77255  0.84932  0.55810
    147   2.71448  5.23166  3.03956  2.55486  4.55220  2.89876  3.78109  3.50478  1.41654  3.51992  4.28573  3.08981  3.95479  2.85103  2.18659  2.70909  3.00856  3.48143  5.67611  4.30186    965 k - - -
          2.68618  4.42225  2.77519  2.73123  3.46354  2.40513  3.72494  3.29354  2.67741  2.69355  4.24690  2.90347  2.73739  3.18146  2.89801  2.37887  2.77519  2.98518  4.58477  3.61503
          0.02133  4.76246  4.37751  0.61958  0.77255  1.00864  0.45368
    148   2.77677  5.26584  3.08887  2.53010  4.59917  3.11730  3.70226  4.06449  1.42663  3.55997  3.93868  2.84763  3.69926  2.82815  2.56907  2.16668  3.04658  3.65131  5.70168  4.31578    966 k - - -
          2.68618  4.42225  2.77519  2.73123  3.46354  2.40513  3.72494  3.29354  2.67741  2.69355  4.24690  2.90347  2.73739  3.18146  2.89801  2.37887  2.77519  2.98518  4.58477  3.61503
          0.02668  4.75884  4.03151  0.61958  0.77255  1.01246  0.45149
    149   2.75114  5.30595  2.53524  2.38377  4.64265  2.68856  3.77162  4.12078  1.34608  3.60548  4.18466  2.90717  3.97584  2.86301  2.89619  2.76027  3.03834  3.61106  5.74114  4.33707    967 k - - -
          2.68618  4.42225  2.77519  2.73123  3.46354  2.40513  3.72494  3.29354  2.67741  2.69355  4.24690  2.90347  2.73739  3.18146  2.89801  2.37887  2.77519  2.98518  4.58477  3.61503
          0.03512  4.75026  3.65486  0.61958  0.77255  0.98121  0.46977
    150   2.78783  5.04962  2.97899  2.58781  4.15937  3.23790  3.80047  3.43416  1.35887  3.31578  4.11535  3.10404  3.95047  2.93733  2.78737  2.80511  2.97808  2.65940  5.53722  3.77531    968 k - - -
          2.68618  4.42225  2.77519  2.73123  3.46354  2.40513  3.72494  3.29354  2.67741  2.69355  4.24690  2.90347  2.73739  3.18146  2.89801  2.37887  2.77519  2.98518  4.58477  3.61503
          0.01299  4.74596  5.46831  0.61958  0.77255  0.85227  0.55590
    151   2.82585  5.06242  3.20734  2.64414  4.31750  3.10706  3.76432  3.38949  1.61163  3.29604  3.64258  3.05527  4.03248  2.93057  2.20270  2.75837  3.03838  2.44880  5.54935  4.21154    969 k - - -
          2.68618  4.42225  2.77519  2.73123  3.46354  2.40513  3.72494  3.29354  2.67741  2.69355  4.24690  2.90347  2.73739  3.18146  2.89801  2.37887  2.77519  2.98518  4.58477  3.61503
          0.06230  4.80460  2.95248  0.61958  0.77255  0.80764  0.59043
    152   2.85710  5.31445  3.12833  2.04154  4.65863  3.62564  3.66395  4.12367  1.41306  3.60673  4.10285  3.09941  3.50473  2.80627  2.31529  2.77481  3.08289  3.20700  5.73608  4.35491    970 k - - -
          2.68618  4.42225  2.77519  2.73123  3.46354  2.40513  3.72494  3.29354  2.67741  2.69355  4.24690  2.90347  2.73739  3.18146  2.89801  2.37887  2.77519  2.98518  4.58477  3.61503
          0.03374  4.80050  3.69092  0.61958  0.77255  0.93684  0.49736
    153   2.58110  4.90856  3.28365  2.72203  4.12567  2.03718  3.87024  2.80188  2.23393  3.14159  3.99024  3.22485  4.05181  2.96223  2.32279  2.80021  3.00641  2.53779  5.42934  4.12079    971 g - - -
          2.68618  4.42225  2.77519  2.73123  3.46354  2.40513  3.72494  3.29354  2.67741  2.69355  4.24690  2.90347  2.73739  3.18146  2.89801  2.37887  2.77519  2.98518  4.58477  3.61503
          0.09154  4.78879  2.53638  0.61958  0.77255  0.96152  0.48177
    154   3.17705  5.43845  3.57013  2.87039  4.86870  3.16326  3.87605  3.85290  1.18888  3.69968  4.51336  3.36959  4.23621  2.99540  1.49559  3.15701  3.36274  3.78334  5.75336  4.52535    972 k - - -
          2.68618  4.42225  2.77519  2.73123  3.46354  2.40513  3.72494  3.29354  2.67741  2.69355  4.24690  2.90347  2.73739  3.18146  2.89801  2.37887  2.77519  2.98518  4.58477  3.61503
          0.04418  4.71839  3.37296  0.61958  0.77255  1.02797  0.44275
    155   2.59129  5.24054  3.06171  2.01455  4.57036  2.26151  3.74553  4.03638  2.28414  3.53347  4.19485  3.03015  3.95900  2.60653  1.99920  2.76391  2.99514  3.62354  4.88985  4.28934    973 r - - -
          2.68998  4.41083  2.78009  2.72905  3.46286  2.40873  3.71509  3.29571  2.67712  2.69250  4.24712  2.90518  2.73781  3.17624  2.90041  2.37727  2.77406  2.98190  4.58178  3.61644
          0.56334  0.84235        *  3.82027  0.02217  0.00000        *
//
