HMMER3/f [3.1b2 | February 2015]
NAME  KOG3454.faa.final_tree.fa
LENG  195
ALPH  amino
RF    no
MM    no
CONS  yes
CS    no
MAP   yes
DATE  Sat Aug  4 05:43:23 2018
NSEQ  729
EFFN  9.641430
CKSUM 1732927692
STATS LOCAL MSV      -11.0618  0.70566
STATS LOCAL VITERBI  -11.9729  0.70566
STATS LOCAL FORWARD   -4.3738  0.70566
HMM          A        C        D        E        F        G        H        I        K        L        M        N        P        Q        R        S        T        V        W        Y   
            m->m     m->i     m->d     i->m     i->i     d->m     d->d
  COMPO   2.64230  4.29321  2.85542  2.74444  3.47729  2.51387  3.57036  3.28342  2.67968  2.70543  3.86924  2.94585  2.70458  3.06649  2.87402  2.45039  2.81041  2.98526  4.66886  3.48438
          2.68860  4.40546  2.78565  2.73499  3.46178  2.41377  3.71432  3.28023  2.68095  2.68274  4.21348  2.91084  2.74498  3.17619  2.89900  2.38357  2.77287  2.97442  4.57766  3.60610
          1.55489  0.84144  1.02806  5.13903  0.00588  0.00000        *
      1   2.69206  4.59982  3.32833  2.76443  3.77120  3.59999  3.04405  2.84530  2.46297  2.70152  3.69259  3.23131  3.45175  3.06204  2.81838  2.44066  2.92304  1.93027  5.15275  3.88318    424 v - - -
          2.68618  4.42225  2.77519  2.73123  3.46354  2.40513  3.72494  3.29354  2.67741  2.69355  4.24690  2.90347  2.73739  3.18146  2.89801  2.37887  2.77519  2.98518  4.58477  3.61503
          0.06750  4.46969  2.92206  0.61958  0.77255  1.13269  0.38885
      2   2.10144  4.94936  3.02849  2.52515  4.29276  3.47473  3.42892  3.72452  2.51457  3.29924  4.09936  3.04011  3.90755  1.77844  2.96407  2.35685  2.67031  3.36273  5.50887  4.16349    425 q - - -
          2.68659  4.42318  2.77540  2.73088  3.46304  2.40579  3.72356  3.29360  2.67720  2.69284  4.24648  2.90439  2.73784  3.18103  2.89641  2.37948  2.77603  2.98483  4.58569  3.61323
          0.82282  0.58885  5.14257  1.91384  0.15960  1.17376  0.36991
      3   2.68806  4.81975  3.12472  2.24171  4.04677  3.52598  3.73485  3.45420  2.53441  3.07498  3.90243  3.07903  2.07506  2.90086  2.65280  2.52925  2.92006  2.88177  3.86588  4.01749    434 p - - -
          2.68618  4.42225  2.77519  2.73123  3.46354  2.40513  3.72494  3.29354  2.67741  2.69355  4.24690  2.90347  2.73739  3.18146  2.89801  2.37887  2.77519  2.98518  4.58477  3.61503
          0.01804  4.42022  5.14257  0.61958  0.77255  1.17376  0.36991
      4   2.76654  5.03996  2.60679  2.47025  4.32008  3.47102  3.78028  3.77838  2.61005  3.35591  4.16540  2.61451  1.68732  2.93002  3.09171  2.49808  3.01888  3.42293  5.56240  3.38946    435 p - - -
          2.68618  4.42225  2.77519  2.73123  3.46354  2.40513  3.72494  3.29354  2.67741  2.69355  4.24690  2.90347  2.73739  3.18146  2.89801  2.37887  2.77519  2.98518  4.58477  3.61503
          0.01804  4.42022  5.14257  0.61958  0.77255  1.05141  0.42993
      5   2.54599  5.02995  3.00901  1.95501  4.31295  2.70588  3.69117  3.75494  2.37341  2.90736  4.09156  2.91617  3.88667  2.81464  2.74403  2.20952  2.92570  3.01935  5.50537  4.13841    436 e - - -
          2.68582  4.42505  2.77407  2.73193  3.46524  2.40624  3.72455  3.29489  2.68030  2.69151  4.24487  2.90260  2.73730  3.18063  2.89550  2.37893  2.77635  2.98424  4.58590  3.61401
          1.11777  0.40432  5.19204  2.92835  0.05497  1.13269  0.38885
      6   2.46539  4.21158  4.01954  3.10453  3.31986  3.77375  4.06729  1.99333  3.33729  1.72528  3.23642  3.69977  4.14526  3.58127  3.56165  2.58709  2.84414  2.45325  4.82118  3.04384    474 l - - -
          2.68628  4.41770  2.77439  2.73191  3.46359  2.40557  3.72570  3.29202  2.67770  2.69334  4.24730  2.90372  2.73772  3.18199  2.89726  2.37916  2.77493  2.98482  4.58553  3.61579
          1.13929  0.42657  3.60414  1.47616  0.25944  1.13269  0.38885
      7   2.07556  4.79347  3.16783  2.60966  4.01631  3.54587  3.76517  2.87240  2.59023  2.96933  3.88217  3.11311  3.60819  2.69469  2.61780  2.12852  2.54128  3.11866  5.32388  4.01278    483 a - - -
          2.68618  4.42225  2.77519  2.73123  3.46354  2.40513  3.72494  3.29354  2.67741  2.69355  4.24690  2.90347  2.73739  3.18146  2.89801  2.37887  2.77519  2.98518  4.58477  3.61503
          0.01681  4.48987  5.21221  0.61958  0.77255  1.15183  0.37988
      8   2.68997  4.32594  3.72005  2.76305  2.74976  3.70692  3.08450  2.80333  2.77169  2.29786  2.75870  3.50897  4.08328  3.36885  3.39596  2.96356  2.59870  1.98387  4.91851  3.69951    484 v - - -
          2.68644  4.42377  2.77519  2.72992  3.45970  2.40571  3.72292  3.29306  2.67777  2.69338  4.24742  2.90449  2.73654  3.18299  2.89820  2.37912  2.77629  2.98467  4.58629  3.61520
          1.10023  0.41286  5.21221  2.17466  0.12064  1.15183  0.37988
      9   2.49067  4.54975  3.38028  2.62162  2.98532  3.61828  3.85343  3.08314  2.78978  2.04024  3.64528  3.27385  2.95683  2.65722  3.18952  2.45742  2.92379  2.83687  5.11150  3.41938    502 l - - -
          2.68618  4.42225  2.77519  2.73123  3.46354  2.40513  3.72494  3.29354  2.67741  2.69355  4.24690  2.90347  2.73739  3.18146  2.89801  2.37887  2.77519  2.98518  4.58477  3.61503
          0.02942  4.48987  4.03047  0.61958  0.77255  1.15183  0.37988
     10   2.54103  4.00542  2.74409  2.52285  4.17128  3.51634  3.47097  3.15188  2.50854  3.18615  3.99319  3.04412  3.59206  2.86571  1.75645  2.52320  2.92603  3.26020  5.42007  4.08013    503 r - - -
          2.68618  4.42225  2.77519  2.73123  3.46354  2.40513  3.72494  3.29354  2.67741  2.69355  4.24690  2.90347  2.73739  3.18146  2.89801  2.37887  2.77519  2.98518  4.58477  3.61503
          0.06503  4.47747  2.96431  0.61958  0.77255  1.12915  0.39054
     11   2.75275  5.20278  1.85474  2.39146  4.52137  2.80484  3.71118  3.99235  2.26416  2.96174  4.26651  2.56205  3.89503  2.82574  2.98597  2.34492  2.99146  3.58247  5.66005  4.25582    504 d - - -
          2.68632  4.42239  2.77524  2.73080  3.46368  2.40527  3.72417  3.29368  2.67734  2.69348  4.24704  2.90361  2.73685  3.18160  2.89815  2.37897  2.77533  2.98532  4.58491  3.61517
          0.95136  0.49746  5.16563  0.08162  2.54622  1.19065  0.36244
     12   2.71707  5.19149  2.41681  2.31109  4.51736  2.73268  3.67443  3.99296  2.30236  3.48766  4.23984  2.02771  3.87270  2.71660  2.65916  2.68238  2.95047  3.57235  5.63274  3.37249    506 n - - -
          2.68618  4.42225  2.77519  2.73123  3.46354  2.40513  3.72494  3.29354  2.67741  2.69355  4.24690  2.90347  2.73739  3.18146  2.89801  2.37887  2.77519  2.98518  4.58477  3.61503
          0.01762  4.44329  5.16563  0.61958  0.77255  1.19065  0.36244
     13   1.75080  5.04411  2.62937  2.18332  4.34023  3.47675  3.70879  3.78354  2.48992  3.33888  4.12377  2.98419  3.89063  2.72374  2.97199  2.35168  2.80360  3.07399  5.53596  4.16451    507 a - - -
          2.68618  4.42225  2.77519  2.73123  3.46354  2.40513  3.72494  3.29354  2.67741  2.69355  4.24690  2.90347  2.73739  3.18146  2.89801  2.37887  2.77519  2.98518  4.58477  3.61503
          0.01762  4.44329  5.16563  0.61958  0.77255  1.12941  0.39042
     14   2.71356  4.62136  3.35057  2.50163  3.76743  3.61578  3.82322  3.17258  2.69002  2.65843  3.43202  3.24363  3.99770  2.83112  2.22656  2.84505  2.94231  2.91765  2.50085  2.96328    508 r - - -
          2.68618  4.42225  2.77519  2.73123  3.46354  2.40513  3.72494  3.29354  2.67741  2.69355  4.24690  2.90347  2.73739  3.18146  2.89801  2.37887  2.77519  2.98518  4.58477  3.61503
          0.01720  4.46705  5.18939  0.61958  0.77255  1.17126  0.37103
     15   2.46064  4.39975  3.58459  3.02172  3.54978  3.37661  3.44998  2.90920  2.96832  1.56674  3.41381  3.41793  3.07801  3.27352  3.31480  2.78627  2.71309  2.62125  4.99636  3.76439    509 l - - -
          2.68618  4.42225  2.77519  2.73123  3.46354  2.40513  3.72494  3.29354  2.67741  2.69355  4.24690  2.90347  2.73739  3.18146  2.89801  2.37887  2.77519  2.98518  4.58477  3.61503
          0.01704  4.47639  5.19874  0.61958  0.77255  0.97467  0.47372
     16   2.74819  5.20868  2.99733  2.02732  4.54367  2.64392  3.69705  4.01256  2.13850  3.50346  4.02791  2.91669  2.57691  2.75555  2.27672  2.71755  2.97723  3.59472  5.64192  4.25142    510 e - - -
          2.68683  4.42406  2.77616  2.73055  3.46077  2.40561  3.72341  3.29514  2.67784  2.69245  4.24600  2.90391  2.73455  3.18391  2.89650  2.37813  2.77705  2.98663  4.58125  3.61699
          1.20144  0.36510  5.27571  2.77176  0.06459  1.10154  0.40400
     17   2.71009  4.16338  3.27791  2.72320  4.02798  3.11689  3.85473  3.42173  2.32901  2.98351  3.86932  3.18316  3.98568  3.04477  3.13499  1.55641  2.46154  2.80685  5.35572  4.05871    546 s - - -
          2.68618  4.42225  2.77519  2.73123  3.46354  2.40513  3.72494  3.29354  2.67741  2.69355  4.24690  2.90347  2.73739  3.18146  2.89801  2.37887  2.77519  2.98518  4.58477  3.61503
          0.07353  4.58655  2.80174  0.61958  0.77255  1.10154  0.40400
     18   2.61444  4.84614  2.31343  2.58635  3.54642  3.46218  3.75942  3.08102  2.57732  2.65892  3.89981  3.09808  2.57496  2.92366  2.80773  2.39148  2.87250  3.13826  5.36147  4.04004    547 d - - -
          2.68618  4.42225  2.77519  2.73123  3.46354  2.40513  3.72494  3.29354  2.67741  2.69355  4.24690  2.90347  2.73739  3.18146  2.89801  2.37887  2.77519  2.98518  4.58477  3.61503
          0.03320  4.52918  3.82278  0.61958  0.77255  1.15620  0.37787
     19   2.68407  4.12842  4.37513  3.77854  3.02401  3.29862  4.14779  1.72196  3.62178  1.87205  3.24287  3.89684  4.20280  3.80607  3.73124  2.60477  2.93490  2.36515  3.18029  3.31067    548 i - - -
          2.68618  4.42225  2.77519  2.73123  3.46354  2.40513  3.72494  3.29354  2.67741  2.69355  4.24690  2.90347  2.73739  3.18146  2.89801  2.37887  2.77519  2.98518  4.58477  3.61503
          0.03705  4.51530  3.67175  0.61958  0.77255  0.98223  0.46916
     20   2.38025  4.38482  3.61026  3.11399  3.47575  3.26374  2.93073  2.44651  3.05900  2.40652  2.39959  3.49375  4.09603  3.34999  3.16900  2.62751  2.56831  2.48837  4.97368  3.74894    549 a - - -
          2.68625  4.42205  2.77534  2.73161  3.46407  2.40505  3.72463  3.29376  2.67776  2.69362  4.24655  2.90332  2.73690  3.18160  2.89747  2.37861  2.77476  2.98565  4.58530  3.61554
          0.77086  0.63047  5.28977  1.27683  0.32701  1.12310  0.39344
     21   1.86550  4.63581  3.34493  2.48470  3.80772  3.62569  3.85396  3.18697  2.65385  2.42011  3.72795  3.25355  3.69191  3.08831  3.02758  2.58367  2.58881  2.75078  3.49822  3.91662    554 a - - -
          2.68618  4.42225  2.77519  2.73123  3.46354  2.40513  3.72494  3.29354  2.67741  2.69355  4.24690  2.90347  2.73739  3.18146  2.89801  2.37887  2.77519  2.98518  4.58477  3.61503
          0.01828  4.56979  4.85903  0.61958  0.77255  1.12310  0.39344
     22   2.44287  5.13401  3.00756  2.29856  4.44147  3.09378  3.31656  3.90122  1.92269  3.39213  4.18498  2.92604  3.77735  2.44652  2.93326  2.36940  2.79376  3.32101  3.62666  4.20340    555 k - - -
          2.68618  4.42225  2.77519  2.73123  3.46354  2.40513  3.72494  3.29354  2.67741  2.69355  4.24690  2.90347  2.73739  3.18146  2.89801  2.37887  2.77519  2.98518  4.58477  3.61503
          0.03993  4.56706  3.54903  0.61958  0.77255  1.11701  0.39639
     23   2.61856  4.61873  2.92402  2.78825  3.78786  2.57350  3.85407  2.74971  2.76404  1.82476  3.71205  3.22730  4.00854  2.57997  3.17506  2.83208  2.94619  2.91060  4.85626  3.90381    556 l - - -
          2.68594  4.42232  2.77521  2.73130  3.46360  2.40519  3.72501  3.29361  2.67747  2.69353  4.24498  2.90353  2.73746  3.18153  2.89807  2.37893  2.77526  2.98506  4.58484  3.61510
          0.36272  1.31686  3.31745  0.14881  1.97856  1.14556  0.38279
     24   2.48756  3.84786  3.81149  2.65556  2.96325  3.73442  3.20568  2.07785  3.16604  2.19686  3.35246  3.57184  4.10942  3.43807  3.22975  2.56633  2.85752  2.40253  4.89409  3.68187    558 i - - -
          2.68618  4.42225  2.77519  2.73123  3.46354  2.40513  3.72494  3.29354  2.67741  2.69355  4.24690  2.90347  2.73739  3.18146  2.89801  2.37887  2.77519  2.98518  4.58477  3.61503
          0.02123  4.51960  4.59398  0.61958  0.77255  0.98246  0.46903
     25   2.68443  5.06101  3.05066  2.14906  4.08531  3.52862  3.40732  3.78247  2.41233  3.04258  4.08345  2.62085  2.60635  2.84728  2.56276  2.39555  2.95622  3.18883  4.65440  3.51539    559 e - - -
          2.68506  4.41596  2.77676  2.72871  3.46214  2.40621  3.72685  3.29500  2.67919  2.69095  4.24659  2.90705  2.73665  3.17831  2.89464  2.37927  2.77895  2.98616  4.58165  3.61516
          1.23681  0.35515  4.75336  3.12931  0.04473  1.11098  0.39934
     26   2.59590  3.85170  3.67257  3.02699  3.26214  2.53046  4.03870  3.04406  3.04071  2.19713  3.02104  3.30150  3.45038  3.31014  2.99365  2.27524  2.61285  2.81773  5.02652  3.17330    616 l - - -
          2.68605  4.42243  2.77537  2.73136  3.46372  2.40481  3.72512  3.29364  2.67759  2.69344  4.24695  2.90323  2.73750  3.18164  2.89798  2.37872  2.77537  2.98536  4.58495  3.61452
          1.08199  0.63358  2.03720  0.06554  2.75774  1.10765  0.40098
     27   2.75832  5.18697  2.42182  2.39085  4.49935  3.53139  3.73585  3.38975  1.84885  3.14515  3.17339  3.01094  3.05003  2.68342  2.80402  2.49406  2.95526  3.48738  5.63963  4.12653    618 k - - -
          2.68618  4.42225  2.77519  2.73123  3.46354  2.40513  3.72494  3.29354  2.67741  2.69355  4.24690  2.90347  2.73739  3.18146  2.89801  2.37887  2.77519  2.98518  4.58477  3.61503
          0.05624  4.68777  3.09046  0.61958  0.77255  1.05858  0.42610
     28   2.70450  3.67804  3.20101  2.64279  3.35004  2.92264  3.15042  3.07813  2.09650  3.00798  4.03224  3.01593  3.05346  2.74324  2.91754  2.31682  2.97792  3.17068  5.46718  4.02476    619 k - - -
          2.68618  4.42225  2.77519  2.73123  3.46354  2.40513  3.72494  3.29354  2.67741  2.69355  4.24690  2.90347  2.73739  3.18146  2.89801  2.37887  2.77519  2.98518  4.58477  3.61503
          0.02720  4.75772  4.00358  0.61958  0.77255  1.13848  0.38611
     29   2.65862  5.11520  3.09899  2.11587  4.38564  2.57165  3.81304  3.82204  2.58658  2.32056  3.40255  2.97348  2.99629  2.87937  2.85593  2.34089  2.92236  3.33256  5.59559  4.23494    620 e - - -
          2.68618  4.42225  2.77519  2.73123  3.46354  2.40513  3.72494  3.29354  2.67741  2.69355  4.24690  2.90347  2.73739  3.18146  2.89801  2.37887  2.77519  2.98518  4.58477  3.61503
          0.01206  4.81995  5.54230  0.61958  0.77255  1.08085  0.41446
     30   2.45209  4.91168  3.14322  2.24796  4.40254  2.53656  3.46054  3.15436  2.37760  2.96306  4.22264  3.12135  2.69024  2.80121  2.83985  2.65409  2.57941  3.43725  5.63726  3.90299    621 e - - -
          2.68618  4.42225  2.77519  2.73123  3.46354  2.40513  3.72494  3.29354  2.67741  2.69355  4.24690  2.90347  2.73739  3.18146  2.89801  2.37887  2.77519  2.98518  4.58477  3.61503
          0.01159  4.85940  5.58175  0.61958  0.77255  1.04427  0.43379
     31   1.67165  4.40142  3.91411  3.27796  2.75554  2.45282  4.08798  2.90436  3.27634  2.02261  3.57990  3.45358  4.24952  3.55499  3.43623  3.01729  2.67301  2.64826  5.06627  3.85024    622 a - - -
          2.68618  4.42225  2.77519  2.73123  3.46354  2.40513  3.72494  3.29354  2.67741  2.69355  4.24690  2.90347  2.73739  3.18146  2.89801  2.37887  2.77519  2.98518  4.58477  3.61503
          0.01119  4.89388  5.61622  0.61958  0.77255  1.09799  0.40577
     32   2.69992  4.87015  3.30357  2.52700  2.82632  2.53080  3.88979  3.40076  2.35236  2.67273  3.74350  2.81263  4.08726  3.07902  2.59871  2.82905  2.33006  3.26253  5.48333  3.44344    623 t - - -
          2.68618  4.42225  2.77519  2.73123  3.46354  2.40513  3.72494  3.29354  2.67741  2.69355  4.24690  2.90347  2.73739  3.18146  2.89801  2.37887  2.77519  2.98518  4.58477  3.61503
          0.01094  4.91683  5.63918  0.61958  0.77255  1.10942  0.40010
     33   2.43687  4.18429  3.19181  2.62144  3.50237  3.52239  3.53847  3.84663  2.40788  2.73705  4.13550  2.96290  2.96328  2.65995  2.08179  2.38967  2.78145  3.49314  5.62754  4.06724    624 r - - -
          2.68618  4.42225  2.77519  2.73123  3.46354  2.40513  3.72494  3.29354  2.67741  2.69355  4.24690  2.90347  2.73739  3.18146  2.89801  2.37887  2.77519  2.98518  4.58477  3.61503
          0.01088  4.92210  5.64444  0.61958  0.77255  1.10320  0.40318
     34   2.49962  4.65710  2.63147  2.25787  4.40144  2.52365  3.44753  4.00686  2.52128  3.32717  3.80704  3.07417  3.31109  2.59804  2.96200  2.34709  3.07877  2.99711  4.30665  3.29613    625 e - - -
          2.68618  4.42225  2.77519  2.73123  3.46354  2.40513  3.72494  3.29354  2.67741  2.69355  4.24690  2.90347  2.73739  3.18146  2.89801  2.37887  2.77519  2.98518  4.58477  3.61503
          0.01082  4.92800  5.65035  0.61958  0.77255  1.08944  0.41008
     35   2.85166  5.21738  3.03288  1.78387  4.06052  3.64980  3.84381  3.78725  2.55628  2.59101  4.18200  3.06029  3.76513  2.76616  2.76976  1.99996  2.70723  3.00183  5.68488  4.21438    626 e - - -
          2.68618  4.42225  2.77519  2.73123  3.46354  2.40513  3.72494  3.29354  2.67741  2.69355  4.24690  2.90347  2.73739  3.18146  2.89801  2.37887  2.77519  2.98518  4.58477  3.61503
          0.01072  4.93666  5.65900  0.61958  0.77255  1.10457  0.40250
     36   2.51820  5.26660  3.01100  1.87715  3.84738  3.39910  3.24264  3.99203  2.58303  2.63402  4.31737  3.12397  3.18041  2.64299  2.60817  2.37846  2.81953  3.28862  5.12604  4.33556    627 e - - -
          2.68618  4.42225  2.77519  2.73123  3.46354  2.40513  3.72494  3.29354  2.67741  2.69355  4.24690  2.90347  2.73739  3.18146  2.89801  2.37887  2.77519  2.98518  4.58477  3.61503
          0.01072  4.93682  5.65917  0.61958  0.77255  1.10457  0.40250
     37   2.64878  4.64951  3.79991  2.86583  3.39665  3.90475  4.15773  2.63327  3.10968  2.78915  2.01751  3.38350  3.47952  3.19314  2.67168  2.32396  2.74143  2.47160  4.00120  3.90411    628 m - - -
          2.68618  4.42225  2.77519  2.73123  3.46354  2.40513  3.72494  3.29354  2.67741  2.69355  4.24690  2.90347  2.73739  3.18146  2.89801  2.37887  2.77519  2.98518  4.58477  3.61503
          0.00938  5.06946  5.79181  0.61958  0.77255  1.10457  0.40250
     38   2.48325  4.14757  3.34242  2.76632  3.01849  3.45462  3.68144  3.59388  2.38029  3.22325  2.72911  3.01806  2.31758  2.78315  2.57699  2.72544  2.63921  3.44146  5.44232  4.33000    629 p - - -
          2.68618  4.42225  2.77519  2.73123  3.46354  2.40513  3.72494  3.29354  2.67741  2.69355  4.24690  2.90347  2.73739  3.18146  2.89801  2.37887  2.77519  2.98518  4.58477  3.61503
          0.03832  5.18223  3.44271  0.61958  0.77255  0.23605  1.55943
     39   3.31446  3.79080  4.78303  4.19861  3.87543  2.77153  4.06917  3.24916  3.43013  2.10833  0.92146  3.54841  3.50552  4.22706  4.20593  3.45521  3.48291  3.03785  5.48907  3.72805    630 m - - -
          2.68618  4.42225  2.77519  2.73123  3.46354  2.40513  3.72494  3.29354  2.67741  2.69355  4.24690  2.90347  2.73739  3.18146  2.89801  2.37887  2.77519  2.98518  4.58477  3.61503
          0.00440  5.82443  6.54678  0.61958  0.77255  0.58523  0.81414
     40   2.84714  4.30936  3.33043  3.07531  4.27015  2.42503  4.17762  4.36439  2.23063  3.57385  4.35101  3.62029  1.13675  3.37072  2.91182  2.81241  3.43203  3.73664  5.12290  4.69622    631 p - - -
          2.68618  4.42225  2.77519  2.73123  3.46354  2.40513  3.72494  3.29354  2.67741  2.69355  4.24690  2.90347  2.73739  3.18146  2.89801  2.37887  2.77519  2.98518  4.58477  3.61503
          0.00575  5.83108  5.87872  0.61958  0.77255  0.58523  0.81414
     41   3.38398  5.84600  3.68646  2.89418  5.18159  4.17850  4.11671  4.64300  1.07988  3.19385  3.66827  3.59583  4.24989  3.29879  1.43245  3.06829  3.42850  4.23246  6.27400  4.07091    632 k - - -
          2.68618  4.42225  2.77519  2.73123  3.46354  2.40513  3.72494  3.29354  2.67741  2.69355  4.24690  2.90347  2.73739  3.18146  2.89801  2.37887  2.77519  2.98518  4.58477  3.61503
          0.00424  5.86087  6.58322  0.61958  0.77255  0.56995  0.83368
     42   3.29502  4.69407  4.66914  4.08998  2.05785  3.84450  2.63025  3.34496  3.92358  2.87531  3.99974  3.88669  4.19432  4.25041  3.52540  3.30269  2.98593  3.20441  5.38953  1.00783    633 y - - -
          2.68618  4.42225  2.77519  2.73123  3.46354  2.40513  3.72494  3.29354  2.67741  2.69355  4.24690  2.90347  2.73739  3.18146  2.89801  2.37887  2.77519  2.98518  4.58477  3.61503
          0.00550  5.86456  5.93283  0.61958  0.77255  0.43097  1.04947
     43   3.42592  4.91972  4.78794  4.16496  2.18069  3.86861  4.68702  3.21481  3.67344  2.89255  4.03389  4.30174  3.49069  4.35969  3.26136  3.79978  3.51629  2.99010  5.52614  0.79171    634 y - - -
          2.68618  4.42225  2.77519  2.73123  3.46354  2.40513  3.72494  3.29354  2.67741  2.69355  4.24690  2.90347  2.73739  3.18146  2.89801  2.37887  2.77519  2.98518  4.58477  3.61503
          0.00417  5.87809  6.60043  0.61958  0.77255  0.49425  0.94169
     44   3.51403  0.45951  3.93538  4.31692  4.49696  2.93919  5.07893  3.86289  4.26164  3.46699  4.49748  3.62118  4.97009  4.52259  4.46931  3.69683  3.79179  3.24187  4.95500  4.76627    635 C - - -
          2.68618  4.42225  2.77519  2.73123  3.46354  2.40513  3.72494  3.29354  2.67741  2.69355  4.24690  2.90347  2.73739  3.18146  2.89801  2.37887  2.77519  2.98518  4.58477  3.61503
          0.00841  5.87809  5.18975  0.61958  0.77255  0.49425  0.94169
     45   3.32433  6.30599  0.50072  2.34192  5.63092  4.31318  4.39659  5.13313  3.46854  4.60065  5.36809  3.29467  4.80550  3.37801  3.29262  3.67547  3.99567  4.56969  5.75347  5.28342    636 D - - -
          2.68391  4.42266  2.77781  2.73382  3.46613  2.40611  3.72539  3.29665  2.68023  2.69235  4.24863  2.90657  2.72920  3.18159  2.89283  2.37863  2.77373  2.98609  4.58595  3.61814
          0.06686  2.92816  4.49348  3.86844  0.02111  0.50845  0.91987
     46   5.64486  6.69684  5.15109  6.12000  3.20340  6.13643  2.87068  5.39897  5.99338  4.21163  5.91419  5.67871  4.06580  5.82872  5.93476  5.54898  5.85149  5.31636  5.00972  0.19998    702 Y - - -
          2.68618  4.42225  2.77519  2.73123  3.46354  2.40513  3.72494  3.29354  2.67741  2.69355  4.24690  2.90347  2.73739  3.18146  2.89801  2.37887  2.77519  2.98518  4.58477  3.61503
          0.00422  5.86527  6.58762  0.61958  0.77255  0.47406  0.97410
     47   3.41365  0.18954  6.17845  6.08720  5.81578  4.48873  6.46265  4.94213  5.78702  3.19142  5.82369  5.38078  4.66795  5.97832  5.68260  3.99450  4.31515  4.50395  7.37930  6.24488    703 C - - -
          2.68618  4.42225  2.77519  2.73123  3.46354  2.40513  3.72494  3.29354  2.67741  2.69355  4.24690  2.90347  2.73739  3.18146  2.89801  2.37887  2.77519  2.98518  4.58477  3.61503
          0.00418  5.87512  6.59747  0.61958  0.77255  0.46853  0.98329
     48   2.87458  5.06204  0.82108  2.37571  5.22138  3.84616  3.16366  4.70834  2.87027  4.06739  4.91938  2.82430  3.84881  3.20395  3.55686  3.18040  3.48979  4.26768  6.31010  4.89680    704 d - - -
          2.68660  4.42267  2.77532  2.73165  3.46337  2.40555  3.72536  3.29396  2.67756  2.69370  4.24732  2.90355  2.73668  3.18188  2.89610  2.37850  2.77503  2.98524  4.58519  3.61545
          0.02283  3.85327  6.60169  2.58796  0.07815  0.48576  0.95510
     49   2.77361  4.26294  4.34493  3.77569  4.21595  4.39679  4.65767  2.38160  2.33680  3.29337  4.16054  4.16248  3.57171  4.01703  2.71600  2.83621  1.55188  1.63087  5.67192  4.44475    728 t - - -
          2.68618  4.42225  2.77519  2.73123  3.46354  2.40513  3.72494  3.29354  2.67741  2.69355  4.24690  2.90347  2.73739  3.18146  2.89801  2.37887  2.77519  2.98518  4.58477  3.61503
          0.00416  5.87934  6.60169  0.61958  0.77255  0.48576  0.95510
     50   3.37933  4.56624  4.30842  3.28414  2.32806  4.31156  3.21970  3.59770  3.69127  3.30254  4.14518  4.13734  2.96317  2.75054  3.95480  2.90426  3.49933  3.37553  3.21896  1.08204    729 y - - -
          2.68621  4.42228  2.77522  2.73126  3.46357  2.40499  3.72497  3.29357  2.67743  2.69358  4.24692  2.90349  2.73727  3.18149  2.89803  2.37884  2.77522  2.98521  4.58480  3.61506
          0.01887  4.05476  6.60311  0.65578  0.73197  0.48576  0.95510
     51   3.54813  4.92838  5.44102  4.47099  2.14667  4.71170  5.03533  3.18707  4.63068  0.53739  3.65475  4.61419  3.95305  4.76835  4.65910  3.68991  3.78025  3.15024  5.52579  4.34462    732 L - - -
          2.68618  4.42225  2.77519  2.73123  3.46354  2.40513  3.72494  3.29354  2.67741  2.69355  4.24690  2.90347  2.73739  3.18146  2.89801  2.37887  2.77519  2.98518  4.58477  3.61503
          0.22895  5.88076  1.60028  0.61958  0.77255  0.48576  0.95510
     52   3.28119  5.35614  5.56845  5.44736  5.95754  4.17931  6.12191  5.29636  5.01161  5.09063  5.41819  4.98886  5.03471  5.53123  5.37116  3.16346  0.19177  4.20296  7.33382  6.25965    733 T - - -
          2.68618  4.42225  2.77519  2.73123  3.46354  2.40513  3.72494  3.29354  2.67741  2.69355  4.24690  2.90347  2.73739  3.18146  2.89801  2.37887  2.77519  2.98518  4.58477  3.61503
          0.00519  5.65884  6.38119  0.61958  0.77255  0.17799  1.81368
     53   3.08551  5.40455  3.59608  3.11335  5.00329  4.15441  0.82039  4.13291  2.95045  3.95073  4.48379  3.41959  3.06654  2.21715  3.55746  3.26540  3.53758  4.03045  6.18254  4.38016    734 h - - -
          2.68618  4.42225  2.77519  2.73123  3.46354  2.40513  3.72494  3.29354  2.67741  2.69355  4.24690  2.90347  2.73739  3.18146  2.89801  2.37887  2.77519  2.98518  4.58477  3.61503
          0.00413  5.88654  6.60888  0.61958  0.77255  0.48644  0.95402
     54   3.29723  5.20722  0.60694  3.12971  3.50456  4.11967  4.43770  4.31050  3.24307  3.47680  4.71594  3.28325  4.61689  3.58531  3.60910  2.85891  3.64620  3.84554  6.14205  4.68980    735 D - - -
          2.68618  4.42225  2.77519  2.73123  3.46354  2.40513  3.72494  3.29354  2.67741  2.69355  4.24690  2.90347  2.73739  3.18146  2.89801  2.37887  2.77519  2.98518  4.58477  3.61503
          0.00413  5.88675  6.60910  0.61958  0.77255  0.48644  0.95402
     55   3.32341  5.38786  3.08218  3.20184  4.89452  4.09726  4.36634  4.26986  3.20047  3.03833  4.70888  3.03254  4.58786  3.54661  3.55331  0.77522  2.19737  3.63511  6.13426  4.78840    736 s - - -
          2.68611  4.42279  2.77507  2.73177  3.46341  2.40497  3.72462  3.29352  2.67764  2.69378  4.24453  2.90401  2.73745  3.18200  2.89855  2.37817  2.77574  2.98449  4.58327  3.61480
          0.02526  3.74669  6.60910  2.75378  0.06581  0.48644  0.95402
     56   2.51199  5.15337  4.28970  3.72240  4.29139  4.40072  4.61577  3.38421  3.57036  2.53351  2.02149  4.13171  1.20828  2.90302  3.14882  3.09415  2.95224  3.22257  5.73413  4.39466    763 p - - -
          2.68618  4.42225  2.77519  2.73123  3.46354  2.40513  3.72494  3.29354  2.67741  2.69355  4.24690  2.90347  2.73739  3.18146  2.89801  2.37887  2.77519  2.98518  4.58477  3.61503
          0.00399  5.92228  6.64463  0.61958  0.77255  0.48644  0.95402
     57   2.13986  4.41075  3.78263  3.14324  4.56989  3.90057  3.58511  4.10491  2.89930  3.09910  4.62019  3.39584  4.41388  3.52979  3.64937  0.83067  3.39761  3.27408  6.05671  4.69770    764 s - - -
          2.68618  4.42225  2.77519  2.73123  3.46354  2.40513  3.72494  3.29354  2.67741  2.69355  4.24690  2.90347  2.73739  3.18146  2.89801  2.37887  2.77519  2.98518  4.58477  3.61503
          0.00399  5.92228  6.64463  0.61958  0.77255  0.48644  0.95402
     58   2.31136  5.12143  4.42128  4.11849  4.32511  2.97437  4.90041  3.47565  4.06014  3.29317  4.31345  2.77676  3.80367  4.32597  4.34385  3.59551  3.69183  0.65414  5.80149  4.59212    765 V - - -
          2.68618  4.42225  2.77519  2.73123  3.46354  2.40513  3.72494  3.29354  2.67741  2.69355  4.24690  2.90347  2.73739  3.18146  2.89801  2.37887  2.77519  2.98518  4.58477  3.61503
          0.00399  5.92228  6.64463  0.61958  0.77255  0.48644  0.95402
     59   4.58643  6.47371  5.47100  4.50122  6.00819  4.98850  4.98254  4.67863  3.06073  3.18354  5.63173  3.81205  5.50932  4.13028  0.25256  4.62859  4.32471  4.70325  6.75308  5.68643    766 R - - -
          2.68618  4.42225  2.77519  2.73123  3.46354  2.40513  3.72494  3.29354  2.67741  2.69355  4.24690  2.90347  2.73739  3.18146  2.89801  2.37887  2.77519  2.98518  4.58477  3.61503
          0.00399  5.92228  6.64463  0.61958  0.77255  0.48644  0.95402
     60   4.01832  6.42356  4.02550  3.61255  5.89350  4.70764  3.31920  5.27812  0.40027  4.66811  5.47931  3.00730  3.97987  3.83127  2.74998  4.02642  4.25675  4.89030  6.69418  5.44853    767 K - - -
          2.68618  4.42225  2.77519  2.73123  3.46354  2.40513  3.72494  3.29354  2.67741  2.69355  4.24690  2.90347  2.73739  3.18146  2.89801  2.37887  2.77519  2.98518  4.58477  3.61503
          0.00399  5.92228  6.64463  0.61958  0.77255  0.48534  0.95578
     61   1.46843  5.84622  3.57663  3.04132  4.95142  3.98469  4.33151  4.65672  2.59686  3.77620  4.89016  3.58029  3.45270  1.98525  2.48963  2.66156  1.86983  3.70561  6.28620  4.88280    768 a - - -
          2.68618  4.42225  2.77519  2.73123  3.46354  2.40513  3.72494  3.29354  2.67741  2.69355  4.24690  2.90347  2.73739  3.18146  2.89801  2.37887  2.77519  2.98518  4.58477  3.61503
          0.00399  5.92238  6.64472  0.61958  0.77255  0.48576  0.95510
     62   4.41259  6.37758  4.52501  4.41076  4.97982  4.87867  0.22652  5.78121  4.06426  5.17246  6.16762  4.75429  5.54149  4.71760  4.00914  2.81668  4.81012  5.32603  6.45980  4.66912    769 H - - -
          2.68618  4.42225  2.77519  2.73123  3.46354  2.40513  3.72494  3.29354  2.67741  2.69355  4.24690  2.90347  2.73739  3.18146  2.89801  2.37887  2.77519  2.98518  4.58477  3.61503
          0.00399  5.92238  6.64472  0.61958  0.77255  0.48576  0.95510
     63   3.38598  2.36214  4.68360  4.05612  4.07442  4.50511  4.78020  3.23826  4.01808  1.87326  4.02162  0.95301  4.55168  4.27614  4.01700  2.66941  3.60267  3.22443  5.61364  4.40964    770 n - - -
          2.68618  4.42225  2.77519  2.73123  3.46354  2.40513  3.72494  3.29354  2.67741  2.69355  4.24690  2.90347  2.73739  3.18146  2.89801  2.37887  2.77519  2.98518  4.58477  3.61503
          0.00399  5.92238  6.64472  0.61958  0.77255  0.48576  0.95510
     64   1.98915  5.86249  2.77775  2.87983  5.12234  3.34037  4.01399  4.05582  2.95412  3.67336  4.02335  2.58298  4.53240  2.67234  3.25451  1.23243  3.05120  3.60220  6.29811  4.84546    771 s - - -
          2.68618  4.42225  2.77519  2.73123  3.46354  2.40513  3.72494  3.29354  2.67741  2.69355  4.24690  2.90347  2.73739  3.18146  2.89801  2.37887  2.77519  2.98518  4.58477  3.61503
          0.05368  5.92238  3.00408  0.61958  0.77255  0.48576  0.95510
     65   3.88162  5.80017  5.26814  5.49274  6.63894  0.13439  6.54746  6.26470  5.92120  5.91288  6.66769  5.27209  5.40280  5.96249  6.00885  3.01712  4.47547  5.27170  7.88398  6.88005    772 G - - -
          2.68618  4.42225  2.77519  2.73123  3.46354  2.40513  3.72494  3.29354  2.67741  2.69355  4.24690  2.90347  2.73739  3.18146  2.89801  2.37887  2.77519  2.98518  4.58477  3.61503
          0.00419  5.87289  6.59524  0.61958  0.77255  0.78026  0.61302
     66   2.66401  5.12470  4.24590  3.67890  4.14587  3.38983  4.61432  3.29896  2.53888  2.89337  4.07251  3.93198  4.74327  3.93902  1.00787  3.48592  3.57150  2.93095  3.56619  2.47777    773 r - - -
          2.68618  4.42225  2.77519  2.73123  3.46354  2.40513  3.72494  3.29354  2.67741  2.69355  4.24690  2.90347  2.73739  3.18146  2.89801  2.37887  2.77519  2.98518  4.58477  3.61503
          0.00445  5.87289  6.42162  0.61958  0.77255  0.78026  0.61302
     67   2.91472  5.85425  3.60328  3.02469  5.20060  4.12363  4.06111  4.61161  1.23476  4.13344  4.82092  1.42923  3.84256  2.28353  3.30712  3.08144  3.50305  4.16940  6.28358  4.56138    774 k - - -
          2.68618  4.42225  2.77519  2.73123  3.46354  2.40513  3.72494  3.29354  2.67741  2.69355  4.24690  2.90347  2.73739  3.18146  2.89801  2.37887  2.77519  2.98518  4.58477  3.61503
          0.00419  5.87263  6.59498  0.61958  0.77255  0.78156  0.61192
     68   4.45799  6.39002  4.56962  4.55705  4.84170  4.89272  0.14513  6.00385  4.49395  5.26634  6.41163  4.87692  5.61615  4.88886  4.70666  4.20083  4.85178  5.49028  6.39227  4.74419    775 H - - -
          2.68618  4.42225  2.77519  2.73123  3.46354  2.40513  3.72494  3.29354  2.67741  2.69355  4.24690  2.90347  2.73739  3.18146  2.89801  2.37887  2.77519  2.98518  4.58477  3.61503
          0.00472  5.87263  6.26750  0.61958  0.77255  0.78156  0.61192
     69   3.34541  5.30561  3.82375  3.10498  4.65498  4.23248  2.92195  2.60619  1.51212  1.31463  4.27905  3.67748  4.61951  3.12770  2.99159  3.44458  3.32972  3.51572  5.97140  4.66655    776 l - - -
          2.68613  4.42226  2.77521  2.73124  3.46341  2.40514  3.72496  3.29355  2.67742  2.69356  4.24691  2.90348  2.73734  3.18147  2.89802  2.37888  2.77521  2.98520  4.58478  3.61504
          0.00933  4.92325  6.20846  0.74713  0.64193  0.77842  0.61458
     70   2.16811  5.84391  2.56973  1.90972  5.18967  4.01485  4.23295  4.31716  2.57355  3.89933  3.93304  3.27474  4.49867  2.79748  1.49680  2.67241  2.81476  4.01166  6.27618  4.86482    780 r - - -
          2.68618  4.42225  2.77519  2.73123  3.46354  2.40513  3.72494  3.29354  2.67741  2.69355  4.24690  2.90347  2.73739  3.18146  2.89801  2.37887  2.77519  2.98518  4.58477  3.61503
          0.00419  5.87333  6.59568  0.61958  0.77255  0.78196  0.61158
     71   1.89538  5.20339  4.00487  3.44283  4.26077  4.28302  4.08860  3.56086  3.30653  3.13896  4.07118  0.80076  4.66757  3.52690  3.80578  3.40315  3.48816  3.47183  5.84106  4.12820    781 n - - -
          2.68648  4.42089  2.77548  2.73152  3.46403  2.40519  3.72451  3.29343  2.67725  2.69371  4.24650  2.90355  2.73720  3.18164  2.89826  2.37870  2.77497  2.98498  4.58184  3.61552
          0.04035  3.26554  6.59594  2.32904  0.10246  0.78350  0.61028
     72   3.35781  5.10912  4.32036  3.81282  4.12934  4.42603  3.69601  3.47017  2.44711  3.31628  4.11353  4.19172  4.80172  4.02728  2.59294  3.68122  3.34345  0.69724  5.69124  3.78113    796 v - - -
          2.68618  4.42225  2.77519  2.73123  3.46354  2.40513  3.72494  3.29354  2.67741  2.69355  4.24690  2.90347  2.73739  3.18146  2.89801  2.37887  2.77519  2.98518  4.58477  3.61503
          0.00419  5.87359  6.59594  0.61958  0.77255  0.78350  0.61028
     73   2.13406  4.18084  3.81972  3.10591  4.68105  4.14730  4.35754  3.38117  1.80163  3.54383  3.68048  3.75945  4.59936  2.72885  1.57033  3.29995  3.45631  2.13825  5.98723  4.32935    797 r - - -
          2.68618  4.42225  2.77519  2.73123  3.46354  2.40513  3.72494  3.29354  2.67741  2.69355  4.24690  2.90347  2.73739  3.18146  2.89801  2.37887  2.77519  2.98518  4.58477  3.61503
          0.00419  5.87359  6.59594  0.61958  0.77255  0.78350  0.61028
     74   2.31336  5.77025  1.49630  1.94056  4.05763  3.87301  4.00677  3.94171  3.06049  2.39562  3.48856  2.72715  4.51475  3.16990  3.39306  2.99557  3.01388  3.76884  6.22176  4.60365    798 d - - -
          2.68618  4.42225  2.77519  2.73123  3.46354  2.40513  3.72494  3.29354  2.67741  2.69355  4.24690  2.90347  2.73739  3.18146  2.89801  2.37887  2.77519  2.98518  4.58477  3.61503
          0.00868  5.87359  5.14516  0.61958  0.77255  0.78350  0.61028
     75   5.66381  5.68878  6.63586  6.55071  2.53234  6.22447  3.39049  5.29032  6.31410  4.51764  3.72369  5.79439  6.48207  5.96533  5.10489  5.62085  5.85861  5.20853  2.17206  0.36492    799 Y - - -
          2.68618  4.42225  2.77519  2.73123  3.46354  2.40513  3.72494  3.29354  2.67741  2.69355  4.24690  2.90347  2.73739  3.18146  2.89801  2.37887  2.77519  2.98518  4.58477  3.61503
          0.00831  5.86912  5.21240  0.61958  0.77255  0.33213  1.26369
     76   2.81185  4.60596  5.61315  4.62992  2.85720  4.93880  4.95611  3.63784  4.85326  3.31728  3.99368  4.70608  5.29463  4.95990  4.75145  4.25378  4.05355  3.44186  3.82060  0.44491    800 Y - - -
          2.68618  4.42225  2.77519  2.73123  3.46354  2.40513  3.72494  3.29354  2.67741  2.69355  4.24690  2.90347  2.73739  3.18146  2.89801  2.37887  2.77519  2.98518  4.58477  3.61503
          0.00439  5.91918  6.38026  0.61958  0.77255  0.51705  0.90703
     77   2.09662  5.38132  2.37895  2.14322  5.21826  3.73482  4.22004  4.70465  2.95399  3.90890  4.75679  3.26416  4.52758  1.22318  2.95282  2.87984  3.01360  4.23402  6.30492  4.45072    801 q - - -
          2.68618  4.42225  2.77519  2.73123  3.46354  2.40513  3.72494  3.29354  2.67741  2.69355  4.24690  2.90347  2.73739  3.18146  2.89801  2.37887  2.77519  2.98518  4.58477  3.61503
          0.00400  5.91879  6.64113  0.61958  0.77255  0.51264  0.91357
     78   2.58610  5.87326  3.61146  2.57263  4.72537  3.88953  4.09995  4.70429  1.97349  3.77357  4.14937  2.78894  4.52990  1.52199  2.59689  1.82967  3.34848  4.26391  5.93906  4.76742    802 q - - -
          2.68527  4.42642  2.77704  2.73230  3.46430  2.40435  3.71893  3.29469  2.67914  2.69077  4.25098  2.90489  2.73529  3.17812  2.89543  2.37953  2.77737  2.98706  4.58613  3.61585
          0.36431  1.19066  6.64424  2.62812  0.07495  0.51549  0.90934
     79   3.17889  4.84320  3.00298  3.32677  2.15961  4.30716  4.42637  1.85008  3.72025  1.95811  3.66083  4.14245  2.83867  3.95158  3.70921  3.47905  3.12056  2.90402  2.19512  4.09686    869 i - - -
          2.68618  4.42225  2.77519  2.73123  3.46354  2.40513  3.72494  3.29354  2.67741  2.69355  4.24690  2.90347  2.73739  3.18146  2.89801  2.37887  2.77519  2.98518  4.58477  3.61503
          0.09437  5.92287  2.43757  0.61958  0.77255  0.51549  0.90934
     80   2.73481  4.48358  3.72926  2.24274  4.21763  1.40105  4.44121  3.04176  3.32414  2.70869  2.16734  3.88824  4.33848  3.74343  3.76986  2.67455  3.35796  2.91036  5.75370  4.24933    870 g - - -
          2.68620  4.42227  2.77522  2.73125  3.46356  2.40515  3.72497  3.29356  2.67743  2.69357  4.24692  2.90308  2.73742  3.18148  2.89803  2.37889  2.77522  2.98520  4.58479  3.61505
          0.03619  3.63559  4.69126  0.30199  1.34457  0.43020  1.05091
     81   2.07113  5.85407  2.92319  1.46264  5.08478  3.61264  2.05428  4.11677  2.91981  4.00212  4.89595  3.28994  3.97941  2.69237  3.17461  2.57825  2.89629  3.92831  6.28512  4.58610    872 e - - -
          2.68618  4.42225  2.77519  2.73123  3.46354  2.40513  3.72494  3.29354  2.67741  2.69355  4.24690  2.90347  2.73739  3.18146  2.89801  2.37887  2.77519  2.98518  4.58477  3.61503
          0.05983  5.89308  2.89469  0.61958  0.77255  0.58151  0.81883
     82   3.19889  5.82558  1.95694  1.29174  4.31741  3.29071  4.06626  3.08565  2.82049  3.96075  4.86759  3.21082  3.78785  2.28006  3.33450  2.71195  3.06026  4.16486  6.25693  4.72988    873 e - - -
          2.68618  4.42225  2.77519  2.73123  3.46354  2.40513  3.72494  3.29354  2.67741  2.69355  4.24690  2.90347  2.73739  3.18146  2.89801  2.37887  2.77519  2.98518  4.58477  3.61503
          0.00911  5.84943  5.08463  0.61958  0.77255  0.46935  0.98192
     83   2.52197  4.96930  2.96990  2.95468  3.86711  3.96299  3.45166  4.33584  1.69187  2.83778  4.75479  3.25816  3.95122  1.45978  3.00951  2.81288  3.08838  4.12075  6.09200  4.61488    874 q - - -
          2.68618  4.42225  2.77519  2.73123  3.46354  2.40513  3.72494  3.29354  2.67741  2.69355  4.24690  2.90347  2.73739  3.18146  2.89801  2.37887  2.77519  2.98518  4.58477  3.61503
          0.00783  5.89569  5.28950  0.61958  0.77255  0.67157  0.71520
     84   1.15814  5.21566  3.67590  3.14421  4.08320  2.35343  4.33750  3.03574  3.07888  3.18429  4.24253  3.32522  4.35603  3.39573  3.49706  3.31625  1.97778  3.35212  5.70307  4.45063    875 a - - -
          2.68629  4.42236  2.77531  2.73134  3.46365  2.40524  3.72505  3.29305  2.67752  2.69333  4.24701  2.90358  2.73682  3.18157  2.89812  2.37874  2.77531  2.98529  4.58488  3.61514
          0.03301  3.69584  4.87315  1.31084  0.31415  0.67782  0.70871
     85   3.28437  5.64403  3.63978  3.12329  4.25985  3.46997  4.11897  2.93261  2.27297  3.14347  4.55172  3.49631  3.48377  0.85590  3.38512  3.35708  3.57091  3.83323  5.41763  4.77270    881 q - - -
          2.68618  4.42225  2.77519  2.73123  3.46354  2.40513  3.72494  3.29354  2.67741  2.69355  4.24690  2.90347  2.73739  3.18146  2.89801  2.37887  2.77519  2.98518  4.58477  3.61503
          0.00815  5.88886  5.23158  0.61958  0.77255  0.65443  0.73343
     86   3.00957  5.20248  3.57384  2.95749  4.97940  2.29425  3.80012  3.96453  2.13683  3.42323  4.60480  3.33955  3.60639  2.58951  3.07651  1.37585  2.58877  3.41923  5.66177  4.85910    882 s - - -
          2.68618  4.42225  2.77519  2.73123  3.46354  2.40513  3.72494  3.29354  2.67741  2.69355  4.24690  2.90347  2.73739  3.18146  2.89801  2.37887  2.77519  2.98518  4.58477  3.61503
          0.00411  5.89126  6.61361  0.61958  0.77255  0.59658  0.80005
     87   3.36109  4.53615  5.01184  4.10909  3.81437  4.09241  4.79569  2.16828  4.26316  1.57194  2.84061  4.36512  2.84126  3.44128  3.37408  3.48335  3.51583  1.29975  5.47323  4.17051    883 v - - -
          2.68700  4.40644  2.77607  2.73211  3.45821  2.40584  3.72086  3.29422  2.67748  2.69423  4.24764  2.90289  2.73814  3.18101  2.89729  2.37965  2.77593  2.98603  4.58548  3.61539
          0.30555  1.42815  3.74952  1.26879  0.33013  0.61320  0.78004
     88   3.32381  4.74720  4.62929  4.64196  3.57145  4.14441  4.59095  0.97789  4.03020  2.28163  3.66475  3.84660  3.53095  4.32610  3.90970  3.83104  3.14120  1.64406  5.45208  4.27566    889 i - - -
          2.68618  4.42225  2.77519  2.73123  3.46354  2.40513  3.72494  3.29354  2.67741  2.69355  4.24690  2.90347  2.73739  3.18146  2.89801  2.37887  2.77519  2.98518  4.58477  3.61503
          0.01667  5.88285  4.28700  0.61958  0.77255  0.75527  0.63466
     89   3.21730  4.69805  1.02097  2.78481  5.07801  3.29548  4.27037  4.27648  2.94366  3.81855  4.74117  2.77248  3.82348  2.91876  2.27418  2.86413  3.02493  4.13352  6.26772  4.64912    890 d - - -
          2.68623  4.42230  2.77517  2.73128  3.46344  2.40514  3.72499  3.29347  2.67746  2.69355  4.24695  2.90352  2.73745  3.18144  2.89784  2.37884  2.77524  2.98505  4.58482  3.61508
          0.28278  4.55967  1.44455  1.24432  0.33987  0.81781  0.58232
     90   2.44270  5.67047  3.24559  2.55678  4.66574  3.48646  3.97368  4.49359  2.02252  3.63333  4.40859  3.36841  3.52169  1.74753  3.27933  1.69764  3.12888  3.38354  5.32560  4.53989    899 s - - -
          2.68618  4.42225  2.77519  2.73123  3.46354  2.40513  3.72494  3.29354  2.67741  2.69355  4.24690  2.90347  2.73739  3.18146  2.89801  2.37887  2.77519  2.98518  4.58477  3.61503
          0.01287  5.60318  4.69934  0.61958  0.77255  1.57520  0.23189
     91   3.00621  5.23264  3.60603  2.76034  4.27531  3.73028  3.82272  1.39526  2.66521  3.00510  4.31566  3.40995  4.37681  3.34800  2.42839  3.19331  1.96889  3.04552  5.38099  4.34434    900 i - - -
          2.68618  4.42225  2.77519  2.73123  3.46354  2.40513  3.72494  3.29354  2.67741  2.69355  4.24690  2.90347  2.73739  3.18146  2.89801  2.37887  2.77519  2.98518  4.58477  3.61503
          0.03260  5.59520  3.56285  0.61958  0.77255  1.56166  0.23545
     92   2.34628  3.84563  4.70416  4.45142  3.72089  3.93859  4.70997  2.07321  4.24825  2.34361  3.36203  4.23679  4.06524  4.14274  4.25200  3.53830  1.17872  2.36418  3.53523  4.06686    901 t - - -
          2.68618  4.42225  2.77519  2.73123  3.46354  2.40513  3.72494  3.29354  2.67741  2.69355  4.24690  2.90347  2.73739  3.18146  2.89801  2.37887  2.77519  2.98518  4.58477  3.61503
          0.13559  5.57155  2.09563  0.61958  0.77255  1.62672  0.21887
     93   2.29507  5.58777  2.86046  2.70963  4.93030  3.81619  3.00633  4.27429  1.82185  3.37650  3.44394  2.94786  3.99389  2.50613  2.96955  1.77562  3.17446  3.97705  5.50869  4.30810    902 s - - -
          2.68618  4.42225  2.77519  2.73123  3.46354  2.40513  3.72494  3.29354  2.67741  2.69355  4.24690  2.90347  2.73739  3.18146  2.89801  2.37887  2.77519  2.98518  4.58477  3.61503
          0.01506  5.44242  4.54510  0.61958  0.77255  1.46409  0.26304
     94   1.64325  5.61080  3.11376  1.92055  4.51199  3.76089  4.07066  4.32708  2.43206  3.84933  4.17025  3.16184  4.01100  2.94819  2.94847  1.69182  3.22703  3.83108  6.04552  4.63663    903 a - - -
          2.68421  4.42267  2.77557  2.73134  3.46356  2.40555  3.72530  3.29396  2.67783  2.69391  4.24724  2.90341  2.73780  3.18189  2.89843  2.37928  2.77554  2.98561  4.58519  3.60861
          0.42252  1.07416  5.80286  0.62644  0.76463  1.25322  0.33629
     95   1.62471  5.00377  3.40437  3.35390  2.15591  3.74088  2.33609  2.78137  3.31260  3.08552  3.90508  3.57364  4.24980  3.57228  3.09881  3.02310  2.57978  3.02249  5.57277  3.34530    906 a - - -
          2.68618  4.42225  2.77519  2.73123  3.46354  2.40513  3.72494  3.29354  2.67741  2.69355  4.24690  2.90347  2.73739  3.18146  2.89801  2.37887  2.77519  2.98518  4.58477  3.61503
          0.05380  5.56976  3.02489  0.61958  0.77255  1.61476  0.22182
     96   2.20395  5.60610  3.19200  1.38538  4.48426  3.45332  3.66895  4.08707  2.27446  2.54751  4.49014  3.33847  4.00968  2.65730  3.26266  2.94497  2.77405  3.89128  4.60811  4.64409    907 e - - -
          2.68618  4.42225  2.77519  2.73123  3.46354  2.40513  3.72494  3.29354  2.67741  2.69355  4.24690  2.90347  2.73739  3.18146  2.89801  2.37887  2.77519  2.98518  4.58477  3.61503
          0.00750  5.52379  5.66043  0.61958  0.77255  1.69805  0.20217
     97   2.63896  5.50286  3.43027  2.46167  2.92461  1.45568  3.46183  4.07138  2.78741  3.40549  3.92025  3.42041  3.92719  2.90517  2.28910  2.89169  2.86441  3.76428  5.96900  4.59293    908 g - - -
          2.68618  4.42225  2.77519  2.73123  3.46354  2.40513  3.72494  3.29354  2.67741  2.69355  4.24690  2.90347  2.73739  3.18146  2.89801  2.37887  2.77519  2.98518  4.58477  3.61503
          0.05115  5.52143  3.08199  0.61958  0.77255  1.66622  0.20944
     98   2.85962  4.98176  3.44694  2.83834  4.41634  1.94504  3.93136  3.97630  2.76824  3.42720  3.49261  3.22054  3.90146  1.32293  2.87908  3.00847  3.33052  3.60822  5.90589  3.54982    909 q - - -
          2.68618  4.42225  2.77519  2.73123  3.46354  2.40513  3.72494  3.29354  2.67741  2.69355  4.24690  2.90347  2.73739  3.18146  2.89801  2.37887  2.77519  2.98518  4.58477  3.61503
          0.01130  5.48101  4.95173  0.61958  0.77255  0.38128  1.14882
     99   1.67770  5.00489  3.45896  2.65838  4.84614  2.80959  3.76218  4.44507  2.44617  3.74274  4.03793  3.33684  3.30998  2.23436  2.99278  2.67987  1.98117  3.76357  6.05684  4.36897    910 a - - -
          2.68618  4.42225  2.77519  2.73123  3.46354  2.40513  3.72494  3.29354  2.67741  2.69355  4.24690  2.90347  2.73739  3.18146  2.89801  2.37887  2.77519  2.98518  4.58477  3.61503
          0.05634  5.81210  2.96054  0.61958  0.77255  0.65691  0.73075
    100   2.18554  5.08235  3.34780  2.80520  4.79869  1.54926  2.87441  3.15715  2.71595  3.47241  3.86200  3.12772  2.98941  3.09436  2.99818  2.60538  3.33825  3.38379  6.17717  4.32881    911 g - - -
          2.68560  4.40677  2.77642  2.73204  3.46154  2.40605  3.72570  3.29229  2.67633  2.69456  4.24855  2.90426  2.73731  3.17815  2.89910  2.37991  2.77446  2.98596  4.58586  3.61596
          1.09496  0.46671  3.26005  1.29514  0.32001  0.78163  0.61186
    101   2.31240  5.26094  3.71514  2.92626  1.92010  2.95316  4.13948  3.22157  3.20446  3.32183  4.04818  3.41682  1.85053  3.45768  3.55023  2.68433  3.24121  2.60414  5.80858  3.36445    935 p - - -
          2.68618  4.42225  2.77519  2.73123  3.46354  2.40513  3.72494  3.29354  2.67741  2.69355  4.24690  2.90347  2.73739  3.18146  2.89801  2.37887  2.77519  2.98518  4.58477  3.61503
          0.38732  5.79083  1.14547  0.61958  0.77255  0.51400  0.91154
    102   3.04790  5.58552  3.14024  2.83612  4.36937  1.89610  3.81815  4.09002  2.36325  3.52943  4.01592  1.76034  2.56967  3.11432  3.01248  2.74536  3.20616  3.72472  6.03038  3.49014    936 n - - -
          2.68618  4.42225  2.77519  2.73123  3.46354  2.40513  3.72494  3.29354  2.67741  2.69355  4.24690  2.90347  2.73739  3.18146  2.89801  2.37887  2.77519  2.98518  4.58477  3.61503
          0.13519  5.51324  2.10033  0.61958  0.77255  1.62898  0.21832
    103   2.09547  5.01359  3.16843  2.74571  4.62606  3.00600  3.97798  3.12082  2.77473  3.39551  4.14008  2.91464  1.93163  2.92436  2.56175  2.84893  2.35022  3.50833  5.43003  4.37868    937 p - - -
          2.68618  4.42225  2.77519  2.73123  3.46354  2.40513  3.72494  3.29354  2.67741  2.69355  4.24690  2.90347  2.73739  3.18146  2.89801  2.37887  2.77519  2.98518  4.58477  3.61503
          0.08784  5.39325  2.53147  0.61958  0.77255  1.80600  0.17950
    104   2.46208  4.64469  4.21097  3.63573  3.76148  3.72076  4.25994  3.07129  3.45516  2.25822  2.04597  3.86363  1.57335  3.61243  3.70830  3.21515  2.69041  2.58980  5.24402  3.79655    938 p - - -
          2.68618  4.42225  2.77519  2.73123  3.46354  2.40513  3.72494  3.29354  2.67741  2.69355  4.24690  2.90347  2.73739  3.18146  2.89801  2.37887  2.77519  2.98518  4.58477  3.61503
          0.03540  5.31713  3.51067  0.61958  0.77255  1.34046  0.30344
    105   2.55945  4.52244  4.97605  4.31331  1.69482  3.96767  4.51810  2.72991  4.04272  1.51578  2.91205  4.28166  2.84234  4.09705  4.22791  3.04811  3.36115  2.59292  5.14234  2.89750    939 l - - -
          2.68618  4.42225  2.77519  2.73123  3.46354  2.40513  3.72494  3.29354  2.67741  2.69355  4.24690  2.90347  2.73739  3.18146  2.89801  2.37887  2.77519  2.98518  4.58477  3.61503
          0.06547  5.40729  2.83206  0.61958  0.77255  1.71680  0.19801
    106   2.59976  5.35912  3.32089  2.76477  4.71228  3.45964  3.40316  4.13003  2.69220  3.48985  3.88246  2.03294  2.04342  2.17745  3.11903  2.19078  3.17141  3.64044  5.56295  4.47745    940 n - - -
          2.68618  4.42225  2.77519  2.73123  3.46354  2.40513  3.72494  3.29354  2.67741  2.69355  4.24690  2.90347  2.73739  3.18146  2.89801  2.37887  2.77519  2.98518  4.58477  3.61503
          0.13051  5.36509  2.13981  0.61958  0.77255  1.31717  0.31183
    107   2.66403  3.89197  3.39719  2.82370  4.46410  3.20087  3.11102  3.56458  2.57444  3.23248  3.74940  3.02117  2.05209  1.71411  3.20563  2.86280  3.07714  3.53614  5.52763  3.98394    941 q - - -
          2.68610  4.42252  2.77547  2.73149  3.46320  2.40535  3.72484  3.29368  2.67768  2.69375  4.24567  2.90215  2.73646  3.18162  2.89824  2.37909  2.77543  2.98542  4.58504  3.61519
          0.99700  0.79651  1.71416  0.08422  2.51611  0.65877  0.72875
    108   2.67997  5.38789  3.30004  2.88621  4.34439  1.37373  4.09481  3.21404  2.92063  2.98307  4.11139  3.22506  2.96960  2.25851  3.27599  3.01031  2.90989  3.52928  5.88066  3.86130    945 g - - -
          2.68618  4.42225  2.77519  2.73123  3.46354  2.40513  3.72494  3.29354  2.67741  2.69355  4.24690  2.90347  2.73739  3.18146  2.89801  2.37887  2.77519  2.98518  4.58477  3.61503
          0.04890  5.52541  3.12942  0.61958  0.77255  0.95095  0.48837
    109   2.79327  5.31047  1.99882  2.88428  4.51705  2.56427  4.03472  3.40551  2.95996  3.13277  2.77546  2.75435  2.15405  3.27694  3.35267  2.56494  3.26179  2.93390  4.20881  4.58158    946 d - - -
          2.68563  4.40683  2.77624  2.73200  3.46294  2.40541  3.72531  3.29445  2.67813  2.69414  4.24259  2.90353  2.73700  3.18214  2.89819  2.37847  2.77575  2.98556  4.58510  3.61483
          0.98726  0.47584  5.10873  0.80479  0.59273  0.94991  0.48902
    110   2.92369  5.70290  3.48621  2.87747  4.91960  1.42962  3.98415  4.42422  2.39474  3.83119  3.24927  2.87780  3.01100  2.96889  1.90572  2.94322  3.35621  3.87376  6.14096  4.51112    954 g - - -
          2.68618  4.42225  2.77519  2.73123  3.46354  2.40513  3.72494  3.29354  2.67741  2.69355  4.24690  2.90347  2.73739  3.18146  2.89801  2.37887  2.77519  2.98518  4.58477  3.61503
          0.17270  5.69594  1.86272  0.61958  0.77255  0.77621  0.61646
    111   2.17577  5.11378  3.71826  3.29735  2.57708  2.52935  3.44458  3.56284  3.02372  3.18315  3.34770  3.56226  2.92425  3.24393  3.23400  3.10390  3.41872  2.92112  5.66812  1.70078    955 y - - -
          2.68618  4.42225  2.77519  2.73123  3.46354  2.40513  3.72494  3.29354  2.67741  2.69355  4.24690  2.90347  2.73739  3.18146  2.89801  2.37887  2.77519  2.98518  4.58477  3.61503
          0.18155  5.62317  1.81765  0.61958  0.77255  0.72607  0.66127
    112   2.25827  4.99660  3.69211  2.94484  2.04654  2.46031  2.67643  3.53887  3.20216  2.63167  3.54390  2.74421  4.10792  3.42371  3.20094  2.43962  3.27683  2.89554  4.78889  4.22586    956 f - - -
          2.68523  4.42466  2.77705  2.73234  3.46213  2.40713  3.71445  3.29517  2.67634  2.69417  4.24467  2.90430  2.73217  3.18074  2.89835  2.38017  2.77685  2.98546  4.58735  3.61536
          1.12882  0.49863  2.67048  1.75390  0.19007  1.54507  0.23991
    113   2.96572  5.21606  3.26981  2.72028  3.02084  2.73012  3.98140  3.94765  2.56112  2.47302  3.75174  1.90097  2.48502  2.51318  3.25444  2.81522  3.22078  3.74968  5.38657  3.81933    972 n - - -
          2.68618  4.42225  2.77519  2.73123  3.46354  2.40513  3.72494  3.29354  2.67741  2.69355  4.24690  2.90347  2.73739  3.18146  2.89801  2.37887  2.77519  2.98518  4.58477  3.61503
          0.15046  5.49730  1.99809  0.61958  0.77255  0.24049  1.54289
    114   2.48538  5.45711  3.50144  2.71784  4.49206  2.86580  4.05966  3.64680  2.78548  2.37999  2.71937  3.12628  1.56594  2.93256  3.26075  3.00335  3.06403  3.63570  6.03427  4.18882    973 p - - -
          2.68534  4.42552  2.77845  2.73435  3.46284  2.40334  3.72843  3.29403  2.68101  2.69581  4.23025  2.90636  2.72104  3.18126  2.89662  2.38066  2.77780  2.98773  4.58859  3.61621
          1.02283  0.46489  4.40456  1.93068  0.15671  1.08999  0.40980
    115   2.46073  4.49302  3.98335  3.41830  3.01052  2.20779  4.33442  3.13893  3.77510  1.71991  2.66518  3.75497  2.59894  3.76071  3.06940  2.99616  3.10714  2.54336  5.33386  3.95323    992 l - - -
          2.68542  4.42301  2.77619  2.73215  3.46380  2.40531  3.72581  3.29189  2.67835  2.69270  4.24501  2.90383  2.73411  3.18112  2.89858  2.37970  2.77552  2.98526  4.58595  3.61567
          1.98883  0.46669  1.44363  0.77899  0.61409  1.11841  0.39571
    116   2.85514  4.81109  4.12262  3.38167  3.12263  3.54629  4.09783  2.93909  3.39711  2.36817  2.84717  3.36091  1.44419  3.24065  3.65973  3.09687  2.48546  2.62094  5.39886  4.17715    998 p - - -
          2.68618  4.42225  2.77519  2.73123  3.46354  2.40513  3.72494  3.29354  2.67741  2.69355  4.24690  2.90347  2.73739  3.18146  2.89801  2.37887  2.77519  2.98518  4.58477  3.61503
          0.03031  5.47945  3.66207  0.61958  0.77255  0.69454  0.69176
    117   2.94657  5.48770  3.21281  2.58236  3.76858  2.76369  3.63152  4.11778  2.74429  3.74120  3.01574  2.61822  2.01841  3.16991  2.63392  1.89343  3.22391  3.22657  6.11582  4.63375    999 s - - -
          2.68712  4.42727  2.77960  2.73507  3.46453  2.39785  3.72483  3.29598  2.68105  2.69731  4.22206  2.90697  2.72466  3.17928  2.89896  2.38065  2.77842  2.98549  4.58850  3.61523
          1.69839  0.21680  4.42855  2.12513  0.12717  0.71070  0.67590
    118   2.44098  4.92365  3.41233  2.92317  4.14230  1.69333  4.03445  3.97453  2.82598  3.84526  4.19370  2.52258  2.14393  2.88022  3.23397  2.42542  3.05297  3.16993  5.83753  4.31444   1028 g - - -
          2.68618  4.42225  2.77519  2.73123  3.46354  2.40513  3.72494  3.29354  2.67741  2.69355  4.24690  2.90347  2.73739  3.18146  2.89801  2.37887  2.77519  2.98518  4.58477  3.61503
          0.48174  5.74939  0.96993  0.61958  0.77255  0.97299  0.47473
    119   2.37566  4.60254  4.21015  3.43335  1.73709  3.19457  4.30408  2.80059  3.45889  2.13979  2.36937  3.83083  3.57952  2.99312  3.75729  2.85010  3.20757  2.76618  4.91361  3.71680   1029 f - - -
          2.68618  4.42225  2.77519  2.73123  3.46354  2.40513  3.72494  3.29354  2.67741  2.69355  4.24690  2.90347  2.73739  3.18146  2.89801  2.37887  2.77519  2.98518  4.58477  3.61503
          0.15716  5.30109  1.96295  0.61958  0.77255  1.20360  0.35683
    120   2.61486  5.18071  2.95408  2.80688  4.36426  2.51440  4.02723  3.14240  2.84753  2.42357  3.40928  3.13882  1.93867  3.06281  3.18797  2.61073  3.06324  2.79085  5.69376  4.25531   1030 p - - -
          2.68618  4.42225  2.77519  2.73123  3.46354  2.40513  3.72494  3.29354  2.67741  2.69355  4.24690  2.90347  2.73739  3.18146  2.89801  2.37887  2.77519  2.98518  4.58477  3.61503
          0.03321  5.31963  3.58375  0.61958  0.77255  1.17258  0.37044
    121   2.56683  5.25888  3.10004  2.95176  4.48598  1.65208  4.06857  3.61785  2.91094  2.78902  2.11495  3.10547  3.11115  3.06948  2.96702  2.94263  3.17843  3.28289  5.20412  4.36802   1031 g - - -
          2.68618  4.42225  2.77519  2.73123  3.46354  2.40513  3.72494  3.29354  2.67741  2.69355  4.24690  2.90347  2.73739  3.18146  2.89801  2.37887  2.77519  2.98518  4.58477  3.61503
          0.12958  5.44416  2.14372  0.61958  0.77255  1.01331  0.45101
    122   2.32115  5.36665  3.33541  2.72084  4.30060  2.73304  4.08654  3.02302  2.69895  3.18670  3.16406  3.17379  1.67845  3.07510  2.66232  2.88393  3.21863  3.07575  5.85786  4.46870   1032 p - - -
          2.68740  4.42387  2.77751  2.73359  3.46296  2.40150  3.72466  3.29342  2.67978  2.69546  4.23477  2.90412  2.72922  3.17764  2.89846  2.38014  2.77758  2.98737  4.58732  3.61745
          1.95285  0.24775  2.55654  1.61397  0.22201  1.16464  0.37402
    123   2.60642  5.08894  3.54122  3.13837  3.86976  1.93111  3.98464  2.88861  2.92543  3.07494  2.01430  3.35497  4.00638  3.29594  3.24927  2.30291  2.48798  3.14935  5.37944  4.20817   1058 g - - -
          2.68624  4.42270  2.77554  2.73168  3.46391  2.40554  3.72530  3.29397  2.67780  2.69367  4.24176  2.90337  2.73772  3.17908  2.89658  2.37928  2.77539  2.98560  4.58522  3.61467
          1.15324  0.39994  4.26663  0.02828  3.57975  0.53449  0.88182
    124   3.03514  4.55596  4.05128  3.52759  3.03595  3.54696  3.94917  3.45258  3.47108  2.27495  2.96199  3.69563  1.10933  3.50920  3.10888  3.08977  3.26793  3.21390  5.59546  3.70585   1060 p - - -
          2.68729  4.43220  2.78673  2.74357  3.45497  2.38917  3.73015  3.30011  2.68936  2.70092  4.17730  2.90967  2.68480  3.18827  2.90510  2.38842  2.78522  2.98906  4.59649  3.61614
          2.06734  0.14097  5.30575  2.86946  0.05840  1.16530  0.37372
    125   2.31990  4.83394  4.06411  3.58222  3.31738  3.55291  4.43197  2.88265  3.58323  2.36926  2.48596  2.77691  1.66677  3.75309  2.97428  3.05241  3.33602  2.45754  5.53604  4.31291   1146 p - - -
          2.68618  4.42225  2.77519  2.73123  3.46354  2.40513  3.72494  3.29354  2.67741  2.69355  4.24690  2.90347  2.73739  3.18146  2.89801  2.37887  2.77519  2.98518  4.58477  3.61503
          0.54860  5.70396  0.87010  0.61958  0.77255  0.69487  0.69142
    126   2.77638  4.45767  3.13491  2.73044  4.47468  3.37137  3.50160  3.86065  2.71527  3.54150  4.18100  2.13684  1.38149  3.01500  3.03717  2.80602  3.17179  3.63267  5.84141  4.41436   1147 p - - -
          2.68618  4.42225  2.77519  2.73123  3.46354  2.40513  3.72494  3.29354  2.67741  2.69355  4.24690  2.90347  2.73739  3.18146  2.89801  2.37887  2.77519  2.98518  4.58477  3.61503
          0.03093  5.27573  3.67524  0.61958  0.77255  1.46614  0.26242
    127   2.89543  3.69750  3.37602  2.72036  4.33432  1.93767  3.85809  3.57026  2.84179  3.04316  4.05702  3.20413  1.72374  2.90001  2.72178  2.89244  3.17821  3.35721  5.74967  4.17977   1148 p - - -
          2.68618  4.42225  2.77519  2.73123  3.46354  2.40513  3.72494  3.29354  2.67741  2.69355  4.24690  2.90347  2.73739  3.18146  2.89801  2.37887  2.77519  2.98518  4.58477  3.61503
          0.28934  5.33440  1.40073  0.61958  0.77255  0.89691  0.52396
    128   2.93331  4.92426  3.63553  2.35385  3.35756  3.46239  3.00036  3.03985  3.09800  2.22428  3.31768  3.42663  1.76322  3.32161  3.36401  2.86836  3.13836  2.71064  5.18492  4.02235   1149 p - - -
          2.68618  4.42225  2.77519  2.73123  3.46354  2.40513  3.72494  3.29354  2.67741  2.69355  4.24690  2.90347  2.73739  3.18146  2.89801  2.37887  2.77519  2.98518  4.58477  3.61503
          0.07063  5.32558  2.75937  0.61958  0.77255  1.23535  0.34352
    129   2.42686  5.47557  2.15296  2.73694  4.78343  1.76447  3.86145  4.03168  2.75863  3.60337  3.21692  2.98815  2.57111  3.01179  3.23200  2.89330  3.09386  3.60412  5.93120  3.46174   1150 g - - -
          2.68618  4.42225  2.77519  2.73123  3.46354  2.40513  3.72494  3.29354  2.67741  2.69355  4.24690  2.90347  2.73739  3.18146  2.89801  2.37887  2.77519  2.98518  4.58477  3.61503
          0.08336  5.38911  2.58472  0.61958  0.77255  0.64718  0.74133
    130   2.43375  5.05519  3.80767  2.98497  2.96192  2.30806  4.36564  2.53980  3.22789  3.04455  1.86400  2.75145  2.85757  3.35559  3.08821  3.14844  3.36255  3.05875  5.61824  4.00380   1151 m - - -
          2.68618  4.42225  2.77519  2.73123  3.46354  2.40513  3.72494  3.29354  2.67741  2.69355  4.24690  2.90347  2.73739  3.18146  2.89801  2.37887  2.77519  2.98518  4.58477  3.61503
          0.11682  5.59136  2.23942  0.61958  0.77255  1.29226  0.32110
    131   2.55903  5.24882  3.25755  2.87385  4.35744  2.51541  4.13425  4.00877  2.87749  3.52870  2.64435  3.08183  1.77190  3.09186  3.06683  1.96667  3.32963  3.19540  5.90065  4.54370   1152 p - - -
          2.68618  4.42225  2.77519  2.73123  3.46354  2.40513  3.72494  3.29354  2.67741  2.69355  4.24690  2.90347  2.73739  3.18146  2.89801  2.37887  2.77519  2.98518  4.58477  3.61503
          0.15617  5.50314  1.96244  0.61958  0.77255  1.20340  0.35692
    132   2.58518  5.33204  3.08473  2.75863  2.86484  2.41623  3.39269  3.60609  2.80280  3.49517  4.29695  3.15150  1.87328  2.98200  2.84366  2.27222  3.05227  3.54191  5.91556  4.44456   1153 p - - -
          2.68618  4.42225  2.77519  2.73123  3.46354  2.40513  3.72494  3.29354  2.67741  2.69355  4.24690  2.90347  2.73739  3.18146  2.89801  2.37887  2.77519  2.98518  4.58477  3.61503
          0.12804  5.42583  2.15603  0.61958  0.77255  1.04776  0.43189
    133   2.31028  4.73652  4.12198  3.62607  3.01025  2.29844  4.44015  2.86216  3.37267  2.43654  3.54069  3.74638  3.51091  3.72175  3.82971  1.66698  2.99825  2.13542  5.33332  3.98025   1154 s - - -
          2.68613  4.42256  2.77550  2.73148  3.46384  2.40359  3.72525  3.29380  2.67768  2.69382  4.24720  2.90331  2.73693  3.18177  2.89827  2.37896  2.77543  2.98546  4.58507  3.61524
          0.66582  0.73073  5.38368  0.04040  3.22899  0.64821  0.74020
    134   2.87527  5.59326  2.67875  2.54610  2.91897  3.09122  4.15373  3.65621  2.82012  3.05928  3.41646  3.30903  1.70207  2.87433  3.09726  2.50839  2.91710  3.10274  6.05773  4.67981   1156 p - - -
          2.68402  4.42655  2.77817  2.73389  3.46184  2.40447  3.72464  3.29586  2.67992  2.69458  4.23824  2.90014  2.73183  3.17904  2.89733  2.37924  2.77633  2.98823  4.58425  3.61799
          1.81906  0.22928  3.15326  2.49259  0.08632  1.00313  0.45686
    135   2.93518  4.33582  3.62332  3.18028  3.99397  2.12326  3.50836  2.89511  3.10700  2.76507  3.10265  3.28816  1.88984  3.32526  2.61306  2.93235  3.08054  2.86387  5.65882  3.43750   1230 p - - -
          2.68618  4.42225  2.77519  2.73123  3.46354  2.40513  3.72494  3.29354  2.67741  2.69355  4.24690  2.90347  2.73739  3.18146  2.89801  2.37887  2.77519  2.98518  4.58477  3.61503
          0.19929  5.57149  1.73227  0.61958  0.77255  0.93128  0.50096
    136   2.71116  3.82941  3.22200  2.72723  4.54747  2.93291  2.73290  4.09416  2.82488  3.39585  4.51086  2.99112  1.43583  2.57207  3.12432  2.92093  2.98316  3.50555  5.94661  4.46242   1231 p - - -
          2.68618  4.42225  2.77519  2.73123  3.46354  2.40513  3.72494  3.29354  2.67741  2.69355  4.24690  2.90347  2.73739  3.18146  2.89801  2.37887  2.77519  2.98518  4.58477  3.61503
          0.20843  5.44068  1.69386  0.61958  0.77255  1.29798  0.31894
    137   2.37332  5.21038  3.16267  2.68089  4.05255  3.40253  3.94265  3.49646  2.71074  3.09334  2.99882  3.31300  1.52514  2.94775  3.06185  2.84780  2.95328  3.01038  5.71377  4.37941   1232 p - - -
          2.68623  4.42243  2.77538  2.73142  3.46372  2.40486  3.72513  3.29372  2.67759  2.69370  4.24678  2.90365  2.73588  3.18162  2.89818  2.37887  2.77538  2.98537  4.58495  3.61521
          0.31556  1.48656  3.11295  0.44768  1.01917  0.90864  0.51596
    138   2.72683  5.53335  3.24885  2.43964  4.09987  1.69729  3.76136  4.06706  2.62762  3.46260  2.62762  2.48341  3.22998  2.85167  2.99576  2.72444  2.97686  3.75745  5.61853  4.24360   1236 g - - -
          2.68628  4.42279  2.77565  2.73169  3.46280  2.40299  3.72450  3.29408  2.67793  2.69396  4.24704  2.90395  2.73722  3.18192  2.89656  2.37936  2.77561  2.98570  4.58491  3.61558
          0.73680  0.73670  3.15429  0.58993  0.80826  1.20647  0.35561
    139   2.83325  5.21120  3.02775  2.98406  3.50961  1.45697  2.90053  3.54563  2.91095  2.87223  3.77695  3.22844  2.53894  3.13771  3.39163  2.97902  3.23997  3.30145  3.98414  4.19449   1239 g - - -
          2.68618  4.42225  2.77519  2.73123  3.46354  2.40513  3.72494  3.29354  2.67741  2.69355  4.24690  2.90347  2.73739  3.18146  2.89801  2.37887  2.77519  2.98518  4.58477  3.61503
          0.10419  5.45176  2.35751  0.61958  0.77255  0.76481  0.62628
    140   2.89584  4.64277  4.53683  4.07486  2.89496  3.73842  4.14788  2.70199  3.88140  2.09067  1.68306  3.33077  2.35949  3.76311  3.94826  3.47776  2.33941  2.42698  5.02895  3.88353   1240 m - - -
          2.68635  4.42248  2.77537  2.73144  3.46358  2.40512  3.72518  3.29377  2.67759  2.69368  4.24713  2.90361  2.73628  3.18160  2.89821  2.37820  2.77540  2.98542  4.58488  3.61516
          0.62188  1.06388  2.13750  0.05206  2.98136  0.98131  0.46972
    141   3.00295  4.68258  4.35189  3.79862  2.92383  4.05101  4.33064  2.69499  3.55560  2.53379  3.43326  2.96497  1.49671  3.60013  3.65022  2.90444  3.18010  2.63163  2.59178  3.17391   1242 p - - -
          2.68618  4.42225  2.77519  2.73123  3.46354  2.40513  3.72494  3.29354  2.67741  2.69355  4.24690  2.90347  2.73739  3.18146  2.89801  2.37887  2.77519  2.98518  4.58477  3.61503
          0.19280  5.46107  1.76547  0.61958  0.77255  1.19956  0.35857
    142   2.76416  5.14038  3.22229  2.50685  2.71972  2.25009  3.44110  3.74994  2.62530  2.46201  4.31558  3.13150  2.87572  2.79158  2.15623  2.92108  3.18160  3.70038  5.87097  4.43845   1243 r - - -
          2.68647  4.42258  2.77503  2.73120  3.46381  2.40494  3.72528  3.29377  2.67769  2.69385  4.24717  2.90214  2.73603  3.18161  2.89830  2.37918  2.77553  2.98550  4.58510  3.61527
          0.90609  0.53273  4.72160  0.03739  3.30511  0.87522  0.53918
    143   3.03205  4.93755  3.33847  3.36663  3.59428  3.87258  4.34833  2.92965  3.30763  1.69085  3.73805  2.99379  1.36865  3.61417  3.16888  3.07945  3.36241  3.14819  5.51044  4.26366   1245 p - - -
          2.68618  4.42225  2.77519  2.73123  3.46354  2.40513  3.72494  3.29354  2.67741  2.69355  4.24690  2.90347  2.73739  3.18146  2.89801  2.37887  2.77519  2.98518  4.58477  3.61503
          0.02299  5.49844  3.98257  0.61958  0.77255  1.37063  0.29296
    144   3.14633  4.70412  4.44545  3.86648  2.88547  3.61852  4.45456  3.11810  3.77098  2.80392  3.04422  4.14413  0.88308  3.29380  4.01012  3.41840  3.40190  2.64176  5.30731  3.98236   1246 p - - -
          2.68618  4.42225  2.77519  2.73123  3.46354  2.40513  3.72494  3.29354  2.67741  2.69355  4.24690  2.90347  2.73739  3.18146  2.89801  2.37887  2.77519  2.98518  4.58477  3.61503
          0.28812  5.48558  1.40168  0.61958  0.77255  0.94844  0.48995
    145   2.95161  5.28406  2.83412  2.82043  4.53854  3.15184  3.93397  3.82248  2.75073  3.11226  2.68574  3.22748  1.26272  3.09669  3.03674  2.95015  3.24272  3.48370  5.77515  4.42691   1247 p - - -
          2.68618  4.42225  2.77519  2.73123  3.46354  2.40513  3.72494  3.29354  2.67741  2.69355  4.24690  2.90347  2.73739  3.18146  2.89801  2.37887  2.77519  2.98518  4.58477  3.61503
          0.20016  5.31262  1.73460  0.61958  0.77255  1.36824  0.29377
    146   2.33821  5.07481  3.41925  2.87756  4.28747  2.99224  2.96986  3.22067  2.86622  3.17474  2.41431  3.22155  3.81867  3.13987  2.84541  1.61252  3.12030  3.20271  5.59626  4.28325   1248 s - - -
          2.68618  4.42225  2.77519  2.73123  3.46354  2.40513  3.72494  3.29354  2.67741  2.69355  4.24690  2.90347  2.73739  3.18146  2.89801  2.37887  2.77519  2.98518  4.58477  3.61503
          0.01125  5.18987  5.18176  0.61958  0.77255  0.26953  1.44280
    147   3.05401  4.92130  4.31289  3.74134  2.59130  2.92755  4.30603  3.40070  3.63965  1.48696  2.41686  3.16996  2.40082  3.45228  3.35429  2.88016  2.71404  2.97869  5.51397  4.19476   1249 l - - -
          2.68521  4.42684  2.77976  2.73596  3.46229  2.39848  3.72699  3.29602  2.68142  2.69535  4.23129  2.90546  2.71830  3.18284  2.89963  2.38154  2.77749  2.98857  4.58934  3.61985
          2.21710  0.26984  2.05904  2.10270  0.13025  0.90104  0.52112
    148   2.35724  5.22228  3.49441  2.99729  3.31380  2.44058  3.97492  3.34805  3.03002  3.40977  4.01514  3.57977  1.45847  3.26125  2.72935  2.70459  3.06177  3.10624  5.59210  4.10239   1295 p - - -
          2.68611  4.42263  2.77527  2.73161  3.46367  2.40521  3.72528  3.29347  2.67778  2.69360  4.24635  2.90373  2.73496  3.18178  2.89829  2.37915  2.77514  2.98533  4.58515  3.61541
          1.30668  0.60700  1.69120  0.03335  3.41730  1.25654  0.33497
    149   2.45437  5.34798  3.18558  2.75537  4.49077  2.87096  3.81867  4.05264  2.77297  3.54997  3.90059  3.04878  1.29446  3.07022  3.27198  2.49214  2.89941  3.64199  5.80832  4.34526   1297 p - - -
          2.68618  4.42225  2.77519  2.73123  3.46354  2.40513  3.72494  3.29354  2.67741  2.69355  4.24690  2.90347  2.73739  3.18146  2.89801  2.37887  2.77519  2.98518  4.58477  3.61503
          0.02337  5.32426  4.00481  0.61958  0.77255  0.80546  0.59219
    150   2.76073  5.25064  3.37599  2.08602  4.43275  3.44518  4.05137  3.79040  2.88724  2.98878  4.02038  3.00985  1.36042  3.02507  3.29141  2.55857  3.16081  3.53172  5.91614  3.81716   1298 p - - -
          2.68633  4.42258  2.77550  2.73157  3.46377  2.40501  3.72516  3.29288  2.67772  2.69373  4.24708  2.90274  2.73620  3.18108  2.89833  2.37900  2.77550  2.98543  4.58510  3.61493
          0.92731  0.67911  2.32979  0.03744  3.30371  1.33573  0.30512
    151   2.66749  5.51711  3.01425  2.65220  4.65678  1.13844  3.89819  4.12665  2.68613  3.78195  4.18536  2.54650  3.84706  2.87494  3.19000  2.89257  3.07420  3.78765  5.96158  4.56253   1300 g - - -
          2.68618  4.42225  2.77519  2.73123  3.46354  2.40513  3.72494  3.29354  2.67741  2.69355  4.24690  2.90347  2.73739  3.18146  2.89801  2.37887  2.77519  2.98518  4.58477  3.61503
          0.16141  5.37969  1.93484  0.61958  0.77255  0.20487  1.68607
    152   2.16562  5.06843  3.62622  3.12945  4.19906  1.92494  4.23235  3.52677  3.02725  2.88530  2.12553  3.35214  2.57701  3.06473  3.31482  2.63394  2.97025  3.08500  5.76220  4.25280   1301 g - - -
          2.68729  4.42468  2.77723  2.73449  3.45609  2.40522  3.72693  3.29578  2.68052  2.69452  4.24001  2.90527  2.72147  3.18301  2.90010  2.38093  2.77823  2.98643  4.56877  3.61327
          2.00612  0.15352  4.85307  2.07584  0.13405  0.35145  1.21627
    153   2.63329  4.90815  3.70166  3.14152  2.96136  2.20861  3.46638  3.45926  3.06924  3.21976  2.58204  2.53503  2.18258  3.26271  2.77031  2.66720  3.10238  3.28848  5.44919  4.03912   1333 p - - -
          2.68618  4.42225  2.77519  2.73123  3.46354  2.40513  3.72494  3.29354  2.67741  2.69355  4.24690  2.90347  2.73739  3.18146  2.89801  2.37887  2.77519  2.98518  4.58477  3.61503
          0.43499  5.55883  1.05303  0.61958  0.77255  0.63123  0.75915
    154   2.07787  4.45882  3.43132  2.83746  3.40642  3.54805  3.55202  3.54666  2.85925  3.14812  3.85075  2.80300  1.66532  3.08514  3.00354  2.49524  3.10265  3.27392  5.02315  4.23830   1334 p - - -
          2.68618  4.42225  2.77519  2.73123  3.46354  2.40513  3.72494  3.29354  2.67741  2.69355  4.24690  2.90347  2.73739  3.18146  2.89801  2.37887  2.77519  2.98518  4.58477  3.61503
          0.14464  5.13109  2.04984  0.61958  0.77255  1.30598  0.31596
    155   2.43889  5.04893  3.09051  2.69523  4.06628  2.77454  3.68906  3.16234  2.77489  3.24641  2.55540  3.29633  2.16185  2.98188  2.77043  2.44814  2.96038  3.28069  4.76815  4.03239   1335 p - - -
          2.68618  4.42225  2.77519  2.73123  3.46354  2.40513  3.72494  3.29354  2.67741  2.69355  4.24690  2.90347  2.73739  3.18146  2.89801  2.37887  2.77519  2.98518  4.58477  3.61503
          0.01763  5.05247  4.50227  0.61958  0.77255  1.30988  0.31451
    156   2.79478  5.19772  2.89479  2.73693  4.45475  1.60189  3.94906  3.69303  2.70498  2.99241  2.53294  2.99727  3.14093  2.91838  2.92867  2.78954  3.05814  3.54013  5.68708  4.01666   1336 g - - -
          2.68618  4.42225  2.77519  2.73123  3.46354  2.40513  3.72494  3.29354  2.67741  2.69355  4.24690  2.90347  2.73739  3.18146  2.89801  2.37887  2.77519  2.98518  4.58477  3.61503
          0.08814  5.11374  2.54650  0.61958  0.77255  1.09265  0.40846
    157   2.68625  4.78290  3.70248  3.13878  3.66652  1.46225  4.14630  3.27495  3.10639  2.69201  3.76653  3.16940  3.53885  3.31171  3.44148  2.48985  2.96061  2.17689  5.35416  4.10100   1337 g - - -
          2.68618  4.42225  2.77519  2.73123  3.46354  2.40513  3.72494  3.29354  2.67741  2.69355  4.24690  2.90347  2.73739  3.18146  2.89801  2.37887  2.77519  2.98518  4.58477  3.61503
          0.10385  5.14987  2.37687  0.61958  0.77255  0.95626  0.48504
    158   2.94110  4.52357  3.66523  3.28947  2.61589  3.83904  4.21960  3.21203  3.20676  2.57842  3.47936  3.42431  1.25900  3.25215  3.60176  3.07438  2.60389  2.95985  5.30038  4.06466   1338 p - - -
          2.68637  4.42255  2.77550  2.73154  3.46370  2.40486  3.72508  3.29357  2.67763  2.69383  4.24688  2.90366  2.73537  3.18169  2.89831  2.37910  2.77478  2.98539  4.58507  3.61534
          0.50971  0.97080  3.88491  0.50238  0.92910  0.82213  0.57892
    159   2.99184  5.15483  3.33103  2.76034  4.55539  2.43956  3.70965  4.15949  2.52804  3.29708  4.39379  2.62379  1.51174  2.96522  2.68018  2.76470  3.11567  3.54427  4.04593  4.49582   1341 p - - -
          2.68618  4.42225  2.77519  2.73123  3.46354  2.40513  3.72494  3.29354  2.67741  2.69355  4.24690  2.90347  2.73739  3.18146  2.89801  2.37887  2.77519  2.98518  4.58477  3.61503
          0.22610  5.31935  1.62217  0.61958  0.77255  1.11637  0.39670
    160   2.03399  5.25324  3.24105  2.71610  4.52786  2.63493  3.90218  3.96596  2.68415  3.40923  4.15163  3.13164  1.68847  2.82096  2.99370  2.73227  2.70673  3.45393  5.73301  4.18918   1342 p - - -
          2.68618  4.42225  2.77519  2.73123  3.46354  2.40513  3.72494  3.29354  2.67741  2.69355  4.24690  2.90347  2.73739  3.18146  2.89801  2.37887  2.77519  2.98518  4.58477  3.61503
          0.02523  5.12785  3.96414  0.61958  0.77255  1.41523  0.27822
    161   2.67325  5.28601  3.20605  2.68031  4.42387  1.66266  3.80055  3.50396  2.65179  3.37413  3.52501  2.63102  3.46305  2.88281  2.79254  2.50243  2.49577  3.57315  5.75719  4.38654   1343 g - - -
          2.68618  4.42225  2.77519  2.73123  3.46354  2.40513  3.72494  3.29354  2.67741  2.69355  4.24690  2.90347  2.73739  3.18146  2.89801  2.37887  2.77519  2.98518  4.58477  3.61503
          0.02051  5.12904  4.24206  0.61958  0.77255  0.82669  0.57536
    162   2.95552  4.46528  4.51015  4.24813  1.84324  4.07799  3.85240  2.66049  3.90147  2.41355  2.15884  4.21101  3.65406  3.83020  4.13900  3.34638  3.24019  2.54872  4.48498  1.72926   1344 y - - -
          2.68618  4.42225  2.77519  2.73123  3.46354  2.40513  3.72494  3.29354  2.67741  2.69355  4.24690  2.90347  2.73739  3.18146  2.89801  2.37887  2.77519  2.98518  4.58477  3.61503
          0.10978  5.29282  2.31325  0.61958  0.77255  1.25647  0.33499
    163   2.71053  5.41903  3.10487  2.67778  4.45323  2.71662  3.38166  3.89941  2.62352  3.67581  3.87932  3.15094  2.44186  1.97424  2.78584  2.24404  2.49920  3.45397  5.86530  4.42226   1345 q - - -
          2.68618  4.42225  2.77519  2.73123  3.46354  2.40513  3.72494  3.29354  2.67741  2.69355  4.24690  2.90347  2.73739  3.18146  2.89801  2.37887  2.77519  2.98518  4.58477  3.61503
          0.05227  5.19387  3.09269  0.61958  0.77255  0.81228  0.58671
    164   2.17921  4.88310  3.66358  3.17663  2.10827  3.68909  3.95586  2.40314  3.14719  3.02612  3.95812  3.57955  3.00746  2.81402  2.50025  2.43618  3.01120  3.09677  5.44717  3.22459   1346 f - - -
          2.68618  4.42225  2.77519  2.73123  3.46354  2.40513  3.72494  3.29354  2.67741  2.69355  4.24690  2.90347  2.73739  3.18146  2.89801  2.37887  2.77519  2.98518  4.58477  3.61503
          0.06977  5.29622  2.77448  0.61958  0.77255  1.01667  0.44910
    165   2.77376  5.42775  3.26404  2.71575  4.20035  3.36411  3.51857  4.19924  2.73504  3.31550  4.44054  2.42362  1.46398  2.50451  3.03188  2.40925  3.23710  3.79929  5.88216  4.05293   1347 p - - -
          2.68618  4.42225  2.77519  2.73123  3.46354  2.40513  3.72494  3.29354  2.67741  2.69355  4.24690  2.90347  2.73739  3.18146  2.89801  2.37887  2.77519  2.98518  4.58477  3.61503
          0.03115  5.27906  3.66626  0.61958  0.77255  0.98964  0.46475
    166   2.77422  5.43635  2.48278  2.60432  4.62854  3.34742  3.91307  4.05809  2.75248  2.88204  3.98633  2.93560  1.47598  2.82525  3.10633  2.69194  3.04837  3.29729  5.89224  4.22821   1348 p - - -
          2.68618  4.42225  2.77519  2.73123  3.46354  2.40513  3.72494  3.29354  2.67741  2.69355  4.24690  2.90347  2.73739  3.18146  2.89801  2.37887  2.77519  2.98518  4.58477  3.61503
          0.05255  5.31154  3.07347  0.61958  0.77255  1.04881  0.43133
    167   2.72896  5.41732  3.09483  2.75156  4.72016  3.30106  3.93923  4.15606  2.57929  2.72771  4.33100  3.11657  1.72145  2.86446  2.26044  2.77502  2.51479  3.11772  5.87615  4.49234   1349 p - - -
          2.68616  4.42230  2.77524  2.73128  3.46359  2.40517  3.72499  3.29357  2.67745  2.69360  4.24642  2.90351  2.73728  3.18151  2.89805  2.37891  2.77498  2.98507  4.58482  3.61506
          0.36423  2.33511  1.56796  0.18911  1.75850  0.67018  0.71665
    168   2.33340  5.40067  2.76890  2.56737  4.67803  1.85126  3.92685  4.18848  2.60683  2.86875  4.44814  2.76632  3.55332  2.92212  2.63480  2.43179  3.08217  3.04249  5.37351  4.38731   1351 g - - -
          2.68621  4.42272  2.77577  2.73120  3.46404  2.40448  3.72521  3.29393  2.67747  2.69379  4.24747  2.90383  2.73541  3.18127  2.89832  2.37893  2.77547  2.98568  4.58534  3.61488
          0.80326  0.74862  2.53684  0.94015  0.49523  1.33949  0.30379
    169   1.87796  4.87611  3.50142  2.87796  3.75971  2.81924  3.94459  2.66630  2.81562  3.03727  3.06421  3.39544  2.72988  2.83297  3.34554  2.39222  2.58653  3.12654  5.42258  3.96808   1360 a - - -
          2.68618  4.42225  2.77519  2.73123  3.46354  2.40513  3.72494  3.29354  2.67741  2.69355  4.24690  2.90347  2.73739  3.18146  2.89801  2.37887  2.77519  2.98518  4.58477  3.61503
          0.15704  5.06176  1.97331  0.61958  0.77255  1.27099  0.32927
    170   2.42157  4.65873  3.59811  2.97732  3.66207  2.66592  3.82166  3.06918  3.00304  2.31610  2.61410  3.31418  2.53072  3.18005  3.27010  2.27875  2.86305  2.86371  5.27071  3.85904   1361 s - - -
          2.68618  4.42225  2.77519  2.73123  3.46354  2.40513  3.72494  3.29354  2.67741  2.69355  4.24690  2.90347  2.73739  3.18146  2.89801  2.37887  2.77519  2.98518  4.58477  3.61503
          0.06538  4.96415  2.87690  0.61958  0.77255  1.09691  0.40632
    171   2.33342  5.28097  3.12553  2.64611  4.37196  1.46512  3.83043  4.03530  2.64775  3.54589  4.13918  2.50693  3.66880  2.85374  2.97907  2.57199  2.99242  3.62701  5.74984  4.37083   1362 g - - -
          2.68618  4.42225  2.77519  2.73123  3.46354  2.40513  3.72494  3.29354  2.67741  2.69355  4.24690  2.90347  2.73739  3.18146  2.89801  2.37887  2.77519  2.98518  4.58477  3.61503
          0.02713  5.03427  3.89925  0.61958  0.77255  1.05221  0.42950
    172   2.47612  5.16648  2.74187  2.74605  3.38325  1.95317  3.81748  3.83460  2.70986  3.21489  3.27009  3.05553  2.97377  3.02994  3.22362  2.21254  3.16772  3.39821  5.66327  3.15190   1363 g - - -
          2.68618  4.42225  2.77519  2.73123  3.46354  2.40513  3.72494  3.29354  2.67741  2.69355  4.24690  2.90347  2.73739  3.18146  2.89801  2.37887  2.77519  2.98518  4.58477  3.61503
          0.07022  5.12015  2.78334  0.61958  0.77255  1.33772  0.30441
    173   2.91520  4.49311  3.79943  3.55774  2.03045  2.90282  4.26928  2.76706  3.47544  1.88408  3.50370  3.48289  2.09923  3.64645  3.73770  3.01238  3.07308  2.73922  5.09478  3.26012   1364 l - - -
          2.68618  4.42225  2.77519  2.73123  3.46354  2.40513  3.72494  3.29354  2.67741  2.69355  4.24690  2.90347  2.73739  3.18146  2.89801  2.37887  2.77519  2.98518  4.58477  3.61503
          0.10531  5.06408  2.36835  0.61958  0.77255  1.03499  0.43886
    174   2.63990  5.27584  2.79724  2.63582  3.16543  2.79691  3.41146  3.56378  2.51878  3.42447  3.96287  2.51938  2.10672  2.98443  2.79018  2.81726  3.08547  3.53354  5.74338  3.16487   1365 p - - -
          2.68618  4.42225  2.77519  2.73123  3.46354  2.40513  3.72494  3.29354  2.67741  2.69355  4.24690  2.90347  2.73739  3.18146  2.89801  2.37887  2.77519  2.98518  4.58477  3.61503
          0.18936  5.06470  1.79457  0.61958  0.77255  1.27965  0.32592
    175   2.23438  4.63375  3.35234  3.05811  2.95283  2.49558  4.06062  2.92689  3.05016  2.47469  3.46798  3.40380  2.12724  3.16319  3.42522  2.88285  3.08963  2.76995  5.20810  3.31854   1366 p - - -
          2.68618  4.42225  2.77519  2.73123  3.46354  2.40513  3.72494  3.29354  2.67741  2.69355  4.24690  2.90347  2.73739  3.18146  2.89801  2.37887  2.77519  2.98518  4.58477  3.61503
          0.14542  4.92440  2.05516  0.61958  0.77255  1.14115  0.38485
    176   2.77998  5.22004  3.08243  2.55379  4.10912  2.17016  3.67816  3.93632  2.58858  3.43393  4.00286  2.77498  1.94456  2.72853  2.99528  2.47154  2.97205  3.36162  5.68620  4.30996   1367 p - - -
          2.68618  4.42225  2.77519  2.73123  3.46354  2.40513  3.72494  3.29354  2.67741  2.69355  4.24690  2.90347  2.73739  3.18146  2.89801  2.37887  2.77519  2.98518  4.58477  3.61503
          0.03526  4.92551  3.59776  0.61958  0.77255  0.89544  0.52497
    177   2.55642  4.84412  3.49394  2.97089  3.11770  2.70323  3.70971  3.27419  2.86217  3.00905  3.55579  3.45191  1.86907  3.16173  3.23642  2.52801  2.96908  2.43054  5.39919  3.41133   1368 p - - -
          2.68618  4.42225  2.77519  2.73123  3.46354  2.40513  3.72494  3.29354  2.67741  2.69355  4.24690  2.90347  2.73739  3.18146  2.89801  2.37887  2.77519  2.98518  4.58477  3.61503
          0.06852  5.10676  2.81057  0.61958  0.77255  0.78950  0.60527
    178   2.10834  5.40006  2.67746  2.65713  3.85573  2.33014  3.87287  3.98907  2.68380  3.59711  3.85297  2.68984  2.52285  2.48103  3.15265  2.69312  2.66011  3.38415  5.85138  4.45953   1369 a - - -
          2.68580  4.42558  2.77811  2.73386  3.46338  2.40053  3.72629  3.29505  2.67968  2.69476  4.24445  2.90447  2.72837  3.17938  2.90014  2.37878  2.77683  2.98678  4.58771  3.61718
          1.54144  0.34533  2.55176  2.33786  0.10152  0.76132  0.62933
    179   2.25344  5.35366  3.20020  2.60253  4.22537  2.57857  3.86720  4.12321  2.66573  3.64329  4.20549  2.54286  1.88707  2.65151  2.93608  2.49163  3.14415  3.72457  5.80894  3.49409   1397 p - - -
          2.68532  4.42283  2.77574  2.73177  3.46213  2.40399  3.72545  3.29409  2.67799  2.69346  4.24529  2.90392  2.73748  3.18163  2.89815  2.37913  2.77562  2.98563  4.58535  3.61354
          1.08059  0.71981  1.75010  0.93567  0.49811  1.17993  0.36716
    180   2.24263  4.95765  3.33499  2.77893  4.19661  3.17332  3.93851  3.52782  2.76762  3.10432  3.45053  3.13635  1.70564  2.95502  3.21715  2.46818  2.45684  3.29639  5.50309  4.19047   1402 p - - -
          2.68690  4.42279  2.77592  2.73181  3.46438  2.40509  3.72549  3.29379  2.67779  2.69434  4.24551  2.90415  2.73195  3.17999  2.89891  2.37892  2.77548  2.98572  4.58567  3.61593
          1.49260  0.41187  2.18211  1.24854  0.33817  1.10094  0.40430
    181   2.61281  5.19715  3.15840  2.60256  4.28211  1.59909  3.54422  3.84555  2.57774  3.30676  4.19101  3.00256  3.46353  2.17949  2.92221  2.77669  2.91522  3.53065  5.66742  4.29617   1407 g - - -
          2.68618  4.42225  2.77519  2.73123  3.46354  2.40513  3.72494  3.29354  2.67741  2.69355  4.24690  2.90347  2.73739  3.18146  2.89801  2.37887  2.77519  2.98518  4.58477  3.61503
          0.23541  4.90621  1.59775  0.61958  0.77255  0.99946  0.45899
    182   2.53733  5.24825  3.05908  2.53596  4.29500  2.95788  3.78901  3.92751  2.48374  3.40013  4.24351  2.64262  2.45431  2.14625  2.76297  2.56617  2.41985  3.47972  5.69958  4.30765   1408 q - - -
          2.68618  4.42225  2.77519  2.73123  3.46354  2.40513  3.72494  3.29354  2.67741  2.69355  4.24690  2.90347  2.73739  3.18146  2.89801  2.37887  2.77519  2.98518  4.58477  3.61503
          0.03040  4.83493  3.81714  0.61958  0.77255  0.85895  0.55097
    183   2.27977  5.26304  3.03837  2.56719  3.36104  2.59987  3.10692  3.52089  2.61802  3.50748  3.01764  2.87404  2.71515  2.43163  2.93900  2.54686  3.10026  3.62473  5.72898  4.13707   1409 a - - -
          2.68595  4.42254  2.77680  2.73238  3.46121  2.40334  3.72564  3.29440  2.67907  2.69296  4.24607  2.90432  2.73270  3.18013  2.89941  2.37949  2.77627  2.98619  4.58659  3.61508
          1.42879  0.30605  3.72766  1.81089  0.17854  0.62271  0.76892
    184   2.31595  4.74118  3.42782  2.89952  4.19737  3.15043  3.71510  3.43758  2.86614  3.09613  3.96117  3.39626  1.42861  3.18329  3.05294  2.45634  3.03466  2.89373  5.52969  4.22931   1430 p - - -
          2.68630  4.42542  2.77777  2.73346  3.46535  2.39966  3.72627  3.29415  2.68083  2.69470  4.24273  2.90620  2.72551  3.18187  2.89962  2.37906  2.77621  2.98771  4.58834  3.61690
          1.69074  0.26177  3.08064  2.41705  0.09341  1.02762  0.44295
    185   2.79118  5.36720  3.04953  2.23224  4.70215  2.16487  2.50852  4.05989  2.27540  3.61152  4.41055  2.55946  3.64874  2.87259  2.78371  2.78801  2.93040  3.75240  3.40609  3.83335   1464 g - - -
          2.68618  4.42225  2.77519  2.73123  3.46354  2.40513  3.72494  3.29354  2.67741  2.69355  4.24690  2.90347  2.73739  3.18146  2.89801  2.37887  2.77519  2.98518  4.58477  3.61503
          0.16886  5.00399  1.90607  0.61958  0.77255  1.03069  0.44124
    186   2.54060  5.24117  3.02301  2.44810  4.54900  2.65700  3.45692  4.00951  2.55601  2.80953  4.29203  2.53811  2.23832  2.53529  2.99990  2.60723  2.99210  3.13624  5.69693  4.30960   1465 p - - -
          2.68618  4.42225  2.77519  2.73123  3.46354  2.40513  3.72494  3.29354  2.67741  2.69355  4.24690  2.90347  2.73739  3.18146  2.89801  2.37887  2.77519  2.98518  4.58477  3.61503
          0.01780  4.86150  4.61484  0.61958  0.77255  0.98297  0.46872
    187   2.82402  5.26795  1.65936  2.49009  4.57525  3.29092  3.79510  3.83652  2.50787  2.81654  3.55550  3.02271  3.46365  2.78428  2.81745  2.69985  2.58200  3.57777  5.72392  3.67444   1466 d - - -
          2.68618  4.42225  2.77519  2.73123  3.46354  2.40513  3.72494  3.29354  2.67741  2.69355  4.24690  2.90347  2.73739  3.18146  2.89801  2.37887  2.77519  2.98518  4.58477  3.61503
          0.07134  4.91753  2.78813  0.61958  0.77255  0.91641  0.51075
    188   2.75888  5.31370  3.12424  2.17576  4.63945  3.58565  3.41470  4.11026  2.37998  3.60964  4.35997  3.08578  3.52050  2.90566  1.63263  2.28960  2.54751  3.57972  4.65482  4.36078   1467 r - - -
          2.68618  4.42225  2.77519  2.73123  3.46354  2.40513  3.72494  3.29354  2.67741  2.69355  4.24690  2.90347  2.73739  3.18146  2.89801  2.37887  2.77519  2.98518  4.58477  3.61503
          0.05806  4.88886  3.01838  0.61958  0.77255  1.10474  0.40241
    189   2.18811  5.04172  3.17318  2.48381  3.71112  3.17629  3.85316  3.46266  2.46550  2.17899  4.05111  3.14814  3.79689  2.90601  2.23207  2.36182  3.05443  3.37634  5.54070  4.20148   1468 l - - -
          2.68623  4.42196  2.77517  2.73128  3.46358  2.40517  3.72499  3.29359  2.67745  2.69359  4.24694  2.90344  2.73744  3.18081  2.89805  2.37891  2.77524  2.98523  4.58482  3.61484
          0.17878  1.83600  5.45884  0.19090  1.74994  0.74754  0.64156
    190   2.65524  3.92022  3.11122  2.20730  4.63159  3.57812  3.71476  3.81877  2.01840  3.59913  4.34908  3.09666  3.54819  2.57223  1.68534  2.76629  2.84086  3.68501  5.74391  4.34842   1470 r - - -
          2.68618  4.42225  2.77519  2.73123  3.46354  2.40513  3.72494  3.29354  2.67741  2.69355  4.24690  2.90347  2.73739  3.18146  2.89801  2.37887  2.77519  2.98518  4.58477  3.61503
          0.01166  4.85337  5.57572  0.61958  0.77255  1.01387  0.45069
    191   2.22937  4.83925  2.58066  2.32795  3.12519  3.45800  3.81876  3.62519  2.56640  2.78875  3.47437  3.12277  3.63785  2.28362  2.57976  2.59177  3.05023  3.50762  5.62777  4.26085   1471 a - - -
          2.68618  4.42225  2.77519  2.73123  3.46354  2.40513  3.72494  3.29354  2.67741  2.69355  4.24690  2.90347  2.73739  3.18146  2.89801  2.37887  2.77519  2.98518  4.58477  3.61503
          0.07251  4.84303  2.77963  0.61958  0.77255  1.01387  0.45069
    192   2.67270  4.31926  4.15768  3.52467  3.42548  3.88974  4.18431  2.76975  3.46113  1.17878  3.16369  3.82581  4.26154  3.70707  3.26369  2.74497  2.81907  2.50655  4.92699  3.01793   1472 l - - -
          2.68618  4.42225  2.77519  2.73123  3.46354  2.40513  3.72494  3.29354  2.67741  2.69355  4.24690  2.90347  2.73739  3.18146  2.89801  2.37887  2.77519  2.98518  4.58477  3.61503
          0.02136  4.76037  4.37656  0.61958  0.77255  1.09339  0.40809
    193   2.68521  4.48946  3.33583  2.66832  3.71855  2.00865  3.91173  3.11649  2.80582  2.05870  3.81654  3.24670  4.07040  2.88334  3.22621  2.21902  3.01701  3.02223  5.27584  3.92835   1473 g - - -
          2.68618  4.42225  2.77519  2.73123  3.46354  2.40513  3.72494  3.29354  2.67741  2.69355  4.24690  2.90347  2.73739  3.18146  2.89801  2.37887  2.77519  2.98518  4.58477  3.61503
          0.06219  4.74234  2.96461  0.61958  0.77255  1.10350  0.40303
    194   2.42338  4.72870  3.19856  2.66034  2.38683  3.46355  3.87794  3.29474  2.76023  2.20449  3.81731  2.95838  3.95921  3.09415  2.55620  2.43838  2.82118  3.02816  5.27416  3.86531   1474 l - - -
          2.68618  4.42225  2.77519  2.73123  3.46354  2.40513  3.72494  3.29354  2.67741  2.69355  4.24690  2.90347  2.73739  3.18146  2.89801  2.37887  2.77519  2.98518  4.58477  3.61503
          0.01413  4.66248  5.38483  0.61958  0.77255  0.84556  0.56092
    195   2.27512  3.03019  3.23733  2.17406  4.03306  3.56575  3.87514  2.83396  2.43937  3.01189  3.73925  3.23683  3.93080  3.04146  2.48768  2.55555  2.95411  2.94021  4.68143  3.55667   1475 e - - -
          2.68033  4.42292  2.77990  2.72939  3.45441  2.41648  3.72459  3.27851  2.68260  2.67903  4.22766  2.90775  2.74563  3.17690  2.88685  2.38648  2.78424  2.97904  4.56451  3.62500
          1.22682  0.34704        *  5.18845  0.00560  0.00000        *
//
