pos	refnuc	querynuc	presort	low	low-med	med-high	high	total	vpos
1	A	C	54	50	56	7	40	207	2410
1	A	G	96	82	62	24	124	388	2410
1	A	T	830	1103	278	169	547	2927	2410
2	T	A	15	68	15	4	18	120	2411
2	T	C	92	113	25	7	30	267	2411
2	T	G	44	36	0	6	18	104	2411
3	G	A	59	35	22	26	48	190	2412
3	G	C	6	48	4	0	14	72	2412
3	G	T	64	134	26	9	22	255	2412
4	C	A	4	2	20	12	26	64	2413
4	C	G	18	33	8	2	12	73	2413
4	C	T	85	35	21	24	67	232	2413
5	G	A	12	42	63	36	21	174	2414
5	G	C	8	4	12	2	40	66	2414
5	G	T	24	59	76	43	68	270	2414
6	T	A	30	53	26	12	24	145	2415
6	T	C	29	60	48	34	94	265	2415
6	T	G	17	120	18	6	78	239	2415
7	A	C	36	42	12	4	47	141	2416
7	A	G	63	45	97	18	36	259	2416
7	A	T	9	43	16	2	14	84	2416
8	A	C	14	0	16	28	102	160	2417
8	A	G	12	26	20	25	25	108	2417
8	A	T	13	70	24	23	47	177	2417
9	A	C	48	26	78	31	248	431	2418
9	A	G	16	36	33	1	5	91	2418
9	A	T	10	15	32	8	70	135	2418
10	G	A	56	104	65	50	431	706	2419
10	G	C	30	40	88	26	163	347	2419
10	G	T	11	52	37	8	39	147	2419
11	G	A	29	36	44	30	134	273	2420
11	G	C	3	53	30	12	30	128	2420
11	G	T	32	82	36	18	42	210	2420
12	A	C	44	26	139	38	350	597	2421
12	A	G	25	74	98	51	28	276	2421
12	A	T	101	61	102	33	162	459	2421
13	G	A	428	427	550	443	2231	4079	2422
13	G	C	137	150	210	122	313	932	2422
13	G	T	66	120	43	26	132	387	2422
14	A	C	88	137	200	89	271	785	2423
14	A	G	83	168	79	30	70	430	2423
14	A	T	30	79	92	35	103	339	2423
15	A	C	142	173	211	45	159	730	2424
15	A	G	50	118	130	32	144	474	2424
15	A	T	64	41	63	42	24	234	2424
16	G	A	92	31	81	98	112	414	2425
16	G	C	186	215	79	62	104	646	2425
16	G	T	115	126	80	24	92	437	2425
17	A	C	77	82	95	70	45	369	2426
17	A	G	103	144	97	43	141	528	2426
17	A	T	49	48	75	59	78	309	2426
18	A	C	125	146	78	30	125	504	2427
18	A	G	38	54	94	46	67	299	2427
18	A	T	65	57	86	26	46	280	2427
19	C	A	196	207	130	21	131	685	2428
19	C	G	30	29	12	2	34	107	2428
19	C	T	58	31	93	19	47	248	2428
20	T	A	196	322	180	72	264	1034	2429
20	T	C	310	462	117	109	281	1279	2429
20	T	G	32	64	24	24	61	205	2429
21	T	A	165	137	229	113	585	1229	2430
21	T	C	259	323	294	188	657	1721	2430
21	T	G	83	131	155	116	174	659	2430
22	T	A	110	151	43	10	46	360	2431
22	T	C	63	149	69	28	127	436	2431
22	T	G	72	155	11	16	71	325	2431
23	T	A	136	103	60	24	70	393	2432
23	T	C	126	127	36	20	60	369	2432
23	T	G	60	127	26	4	64	281	2432
24	C	A	49	87	29	7	38	210	2433
24	C	G	9	18	29	18	36	110	2433
24	C	T	31	111	92	30	62	326	2433
25	A	C	143	116	25	14	62	360	2434
25	A	G	48	106	40	12	56	262	2434
25	A	T	4	26	25	14	13	82	2434
26	C	A	58	65	141	47	129	440	2435
26	C	G	20	49	100	18	128	315	2435
26	C	T	31	31	54	26	47	189	2435
27	T	A	80	27	129	71	287	594	2436
27	T	C	71	47	116	48	81	363	2436
27	T	G	65	111	94	58	249	577	2436
28	G	A	23	67	53	24	84	251	2437
28	G	C	90	46	87	46	92	361	2437
28	G	T	103	89	15	5	44	256	2437
29	G	A	147	98	82	49	131	507	2438
29	G	C	46	84	98	51	47	326	2438
29	G	T	73	79	59	51	30	292	2438
30	A	C	19	53	46	13	88	219	2439
30	A	G	64	62	70	43	36	275	2439
30	A	T	121	68	68	94	263	614	2439
31	G	A	199	117	235	89	193	833	2440
31	G	C	124	38	40	37	70	309	2440
31	G	T	172	204	135	87	150	748	2440
32	T	A	70	179	87	32	98	466	2441
32	T	C	70	55	86	39	171	421	2441
32	T	G	76	11	30	15	24	156	2441
33	T	A	35	36	126	18	83	298	2442
33	T	C	48	44	40	20	55	207	2442
33	T	G	34	28	77	12	143	294	2442
34	G	A	54	15	18	4	8	99	2443
34	G	C	25	100	34	22	78	259	2443
34	G	T	90	122	24	25	25	286	2443
35	T	A	35	21	44	8	37	145	2444
35	T	C	30	36	20	17	83	186	2444
35	T	G	21	82	22	27	24	176	2444
36	C	A	42	26	75	21	174	338	2445
36	C	G	131	131	104	72	341	779	2445
36	C	T	63	91	125	27	79	385	2445
37	C	A	29	85	12	8	16	150	2446
37	C	G	76	44	45	10	43	218	2446
37	C	T	101	102	22	13	48	286	2446
38	C	A	52	40	11	7	31	141	2447
38	C	G	32	47	52	22	78	231	2447
38	C	T	66	72	11	24	18	191	2447
39	A	C	42	42	85	30	56	255	2448
39	A	G	98	55	87	46	127	413	2448
39	A	T	208	348	270	160	374	1360	2448
40	A	C	32	132	30	30	43	267	2449
40	A	G	88	91	40	56	51	326	2449
40	A	T	309	481	228	52	232	1302	2449
41	T	A	66	83	19	22	80	270	2450
41	T	C	93	61	34	19	24	231	2450
41	T	G	59	121	21	0	63	264	2450
42	T	A	68	69	96	27	97	357	2451
42	T	C	109	51	113	38	148	459	2451
42	T	G	65	83	22	8	26	204	2451
43	C	A	107	77	72	71	108	435	2452
43	C	G	84	162	101	83	84	514	2452
43	C	T	238	157	257	113	201	966	2452
44	T	A	101	57	49	50	285	542	2453
44	T	C	104	161	39	20	79	403	2453
44	T	G	220	159	89	91	500	1059	2453
45	T	A	83	83	77	49	158	450	2454
45	T	C	40	116	92	53	268	569	2454
45	T	G	98	146	87	125	261	717	2454
46	G	A	53	153	116	30	82	434	2455
46	G	C	38	72	26	12	18	166	2455
46	G	T	112	96	26	7	28	269	2455
47	T	A	129	101	23	20	91	364	2456
47	T	C	35	88	27	21	77	248	2456
47	T	G	140	228	103	75	151	697	2456
48	T	A	66	49	72	66	119	372	2457
48	T	C	83	55	97	94	183	512	2457
48	T	G	211	135	228	206	619	1399	2457
49	G	A	98	85	107	82	160	532	2458
49	G	C	75	47	109	57	312	600	2458
49	G	T	111	122	47	51	200	531	2458
50	A	C	49	68	62	53	134	366	2459
50	A	G	59	61	76	27	57	280	2459
50	A	T	320	188	264	161	261	1194	2459
51	A	C	88	134	71	20	38	351	2460
51	A	G	43	103	146	77	153	522	2460
51	A	T	593	763	509	245	617	2727	2460
52	T	A	69	69	31	14	24	207	2461
52	T	C	78	49	77	46	240	490	2461
52	T	G	33	121	17	27	77	275	2461
53	T	A	131	191	82	16	66	486	2462
53	T	C	67	77	14	14	67	239	2462
53	T	G	65	89	39	24	84	301	2462
54	A	C	53	94	36	15	36	234	2463
54	A	G	48	37	15	12	27	139	2463
54	A	T	137	166	110	31	124	568	2463
55	G	A	98	98	138	71	335	740	2464
55	G	C	30	44	58	70	202	404	2464
55	G	T	131	102	136	35	269	673	2464
56	A	C	28	49	57	20	86	240	2465
56	A	G	10	121	48	22	54	255	2465
56	A	T	122	122	167	140	317	868	2465
57	T	A	66	37	68	42	216	429	2466
57	T	C	40	55	27	19	118	259	2466
57	T	G	20	51	54	57	174	356	2466
58	G	A	145	233	27	56	85	546	2467
58	G	C	60	48	27	13	48	196	2467
58	G	T	122	87	22	22	48	301	2467
59	G	A	104	151	102	30	107	494	2468
59	G	C	108	80	47	36	136	407	2468
59	G	T	44	164	24	34	63	329	2468
60	T	A	51	108	88	27	106	380	2469
60	T	C	71	61	86	18	283	519	2469
60	T	G	80	102	108	54	207	551	2469
61	G	A	95	101	184	91	241	712	2470
61	G	C	39	57	96	24	26	242	2470
61	G	T	174	144	137	51	128	634	2470
62	A	C	54	88	102	23	122	389	2471
62	A	G	97	55	37	9	74	272	2471
62	A	T	125	77	103	88	187	580	2471
63	T	A	172	304	336	336	600	1748	2472
63	T	C	28	94	86	51	102	361	2472
63	T	G	68	48	55	40	366	577	2472
64	G	A	94	66	126	98	227	611	2473
64	G	C	11	22	10	14	42	99	2473
64	G	T	168	214	37	12	92	523	2473
65	T	A	57	96	49	18	59	279	2474
65	T	C	44	61	34	14	42	195	2474
65	T	G	81	63	29	10	86	269	2474
66	T	A	46	86	68	43	143	386	2475
66	T	C	68	84	52	30	58	292	2475
66	T	G	46	28	102	39	156	371	2475
67	A	C	221	153	65	20	80	539	2476
67	A	G	60	125	22	14	72	293	2476
67	A	T	70	241	52	42	47	452	2476
68	A	C	96	148	12	12	61	329	2477
68	A	G	51	144	56	18	47	316	2477
68	A	T	135	184	54	32	104	509	2477
69	T	A	34	93	56	37	70	290	2478
69	T	C	55	50	56	21	97	279	2478
69	T	G	12	51	11	23	8	105	2478
70	G	A	103	74	22	31	34	264	2479
70	G	C	35	28	6	4	25	98	2479
70	G	T	18	22	18	3	11	72	2479
71	G	A	160	41	32	10	85	328	2480
71	G	C	45	80	20	20	22	187	2480
71	G	T	6	67	6	22	55	156	2480
72	G	A	62	139	93	29	98	421	2481
72	G	C	26	30	52	15	56	179	2481
72	G	T	36	27	62	8	91	224	2481
73	C	A	14	15	53	8	68	158	2482
73	C	G	22	28	23	5	38	116	2482
73	C	T	130	53	55	28	101	367	2482
74	A	C	93	48	21	18	48	228	2483
74	A	G	129	17	71	50	78	345	2483
74	A	T	34	25	96	22	100	277	2483
75	C	A	44	46	50	33	119	292	2484
75	C	G	35	12	30	20	83	180	2484
75	C	T	22	35	63	39	109	268	2484
76	A	C	56	55	49	12	52	224	2485
76	A	G	51	76	45	22	49	243	2485
76	A	T	47	60	23	17	23	170	2485
77	A	C	18	21	31	9	34	113	2486
77	A	G	76	48	51	35	57	267	2486
77	A	T	32	60	32	13	22	159	2486
78	A	C	35	69	28	4	35	171	2487
78	A	G	27	27	31	12	45	142	2487
78	A	T	67	36	32	8	49	192	2487
79	T	A	89	88	50	32	52	311	2488
79	T	C	10	26	8	4	27	75	2488
79	T	G	45	25	4	2	12	88	2488
80	T	A	70	95	19	21	90	295	2489
80	T	C	77	100	33	10	45	265	2489
80	T	G	56	51	29	27	36	199	2489
81	T	A	32	42	18	10	14	116	2490
81	T	C	28	32	48	37	95	240	2490
81	T	G	32	44	38	11	27	152	2490
82	T	A	57	43	56	27	114	297	2491
82	T	C	35	81	28	16	33	193	2491
82	T	G	48	37	50	34	51	220	2491
83	C	A	66	59	34	13	28	200	2492
83	C	G	34	55	25	11	48	173	2492
83	C	T	38	44	66	25	43	216	2492
84	T	A	38	61	59	45	67	270	2493
84	T	C	60	55	71	30	87	303	2493
84	T	G	44	40	42	26	53	205	2493
85	G	A	24	66	37	33	55	215	2494
85	G	C	22	26	11	6	29	94	2494
85	G	T	30	23	7	9	6	75	2494
86	T	A	49	72	24	27	50	222	2495
86	T	C	24	40	34	9	25	132	2495
86	T	G	23	20	21	5	12	81	2495
87	C	A	23	27	71	40	65	226	2496
87	C	G	26	21	16	11	32	106	2496
87	C	T	48	38	41	55	146	328	2496
88	A	C	76	27	28	21	122	274	2497
88	A	G	31	21	7	16	89	164	2497
88	A	T	21	36	16	24	49	146	2497
89	G	A	61	75	54	13	26	229	2498
89	G	C	12	14	55	16	75	172	2498
89	G	T	14	21	24	36	78	173	2498
90	T	A	23	42	33	27	267	392	2499
90	T	C	7	22	25	9	54	117	2499
90	T	G	28	49	69	27	108	281	2499
91	G	A	19	77	19	11	50	176	2500
91	G	C	23	43	9	4	21	100	2500
91	G	T	54	69	20	11	39	193	2500
92	G	A	26	43	25	6	41	141	2501
92	G	C	24	61	15	3	27	130	2501
92	G	T	20	44	7	5	12	88	2501
93	A	C	23	27	33	20	68	171	2502
93	A	G	21	14	34	17	61	147	2502
93	A	T	38	25	29	24	48	164	2502
94	G	A	45	41	81	48	149	364	2503
94	G	C	49	49	40	11	37	186	2503
94	G	T	63	86	34	13	32	228	2503
95	A	C	24	22	32	11	11	100	2504
95	A	G	10	23	39	18	91	181	2504
95	A	T	35	28	70	12	51	196	2504
96	G	A	52	40	74	44	133	343	2505
96	G	C	12	18	8	11	42	91	2505
96	G	T	22	27	39	19	32	139	2505
97	G	A	68	57	14	8	15	162	2506
97	G	C	18	44	11	3	20	96	2506
97	G	T	47	46	11	4	15	123	2506
98	G	A	22	70	15	12	29	148	2507
98	G	C	28	20	5	7	23	83	2507
98	G	T	15	55	12	5	24	111	2507
99	T	A	26	23	30	19	70	168	2508
99	T	C	35	15	26	15	47	138	2508
99	T	G	29	28	15	30	77	179	2508
100	G	A	35	61	57	31	72	256	2509
100	G	C	32	54	44	7	66	203	2509
100	G	T	66	40	19	15	46	186	2509
101	A	C	12	10	13	7	16	58	2510
101	A	G	7	27	36	7	14	91	2510
101	A	T	47	36	32	25	109	249	2510
102	A	C	29	26	17	4	33	109	2511
102	A	G	19	22	45	39	61	186	2511
102	A	T	71	33	37	24	30	195	2511
103	G	A	72	60	29	10	36	207	2512
103	G	C	36	24	16	13	56	145	2512
103	G	T	43	44	8	5	32	132	2512
104	G	A	36	69	39	27	32	203	2513
104	G	C	17	12	6	13	34	82	2513
104	G	T	74	134	39	10	54	311	2513
105	T	A	19	31	36	12	44	142	2514
105	T	C	24	47	15	15	85	186	2514
105	T	G	145	115	154	53	215	682	2514
106	G	A	52	84	55	38	76	305	2515
106	G	C	36	42	33	16	69	196	2515
106	G	T	43	63	22	13	33	174	2515
107	A	C	26	86	19	12	11	154	2516
107	A	G	39	50	25	4	26	144	2516
107	A	T	73	65	44	25	90	297	2516
108	T	A	44	18	28	9	45	144	2517
108	T	C	25	34	27	25	37	148	2517
108	T	G	53	9	41	23	16	142	2517
109	G	A	63	80	60	29	23	255	2518
109	G	C	35	56	12	3	33	139	2518
109	G	T	44	15	43	11	40	153	2518
110	C	A	39	93	8	9	22	171	2519
110	C	G	37	59	18	9	39	162	2519
110	C	T	29	37	29	11	22	128	2519
111	A	C	29	28	34	23	57	171	2520
111	A	G	64	88	61	30	158	401	2520
111	A	T	75	59	69	22	119	344	2520
112	A	C	32	36	7	4	23	102	2521
112	A	G	65	45	41	41	50	242	2521
112	A	T	49	60	112	41	164	426	2521
113	C	A	75	110	55	27	81	348	2522
113	C	G	24	64	66	46	147	347	2522
113	C	T	27	26	52	20	82	207	2522
114	A	C	34	18	45	12	48	157	2523
114	A	G	49	45	45	32	139	310	2523
114	A	T	88	162	116	50	222	638	2523
115	T	A	37	21	53	24	97	232	2524
115	T	C	21	49	24	46	43	183	2524
115	T	G	65	71	35	16	86	273	2524
116	A	C	21	19	29	19	41	129	2525
116	A	G	14	30	45	25	48	162	2525
116	A	T	37	28	27	31	48	171	2525
117	C	A	27	21	4	7	8	67	2526
117	C	G	20	96	21	10	45	192	2526
117	C	T	26	25	40	28	43	162	2526
118	G	A	40	35	20	11	26	132	2527
118	G	C	5	6	7	2	8	28	2527
118	G	T	33	35	5	21	23	117	2527
119	G	A	26	49	16	4	17	112	2528
119	G	C	37	19	11	7	21	95	2528
119	G	T	18	20	7	4	6	55	2528
120	A	C	44	34	48	21	103	250	2529
120	A	G	18	32	32	16	53	151	2529
120	A	T	16	25	57	23	69	190	2529
121	A	C	33	76	40	29	21	199	2530
121	A	G	38	44	45	6	38	171	2530
121	A	T	52	60	25	15	25	177	2530
122	A	C	29	61	57	18	15	180	2531
122	A	G	19	44	42	36	107	248	2531
122	A	T	25	47	43	23	174	312	2531
123	A	C	37	37	17	11	29	131	2532
123	A	G	46	66	53	32	69	266	2532
123	A	T	77	84	25	10	21	217	2532
124	C	A	119	159	214	191	1583	2266	2533
124	C	G	41	31	45	13	56	186	2533
124	C	T	109	156	135	58	156	614	2533
125	T	A	40	30	19	15	19	123	2534
125	T	C	26	47	15	9	23	120	2534
125	T	G	70	56	35	14	35	210	2534
126	T	A	26	45	45	28	101	245	2535
126	T	C	16	53	42	32	56	199	2535
126	T	G	38	14	22	17	26	117	2535
127	A	C	39	39	18	6	20	122	2536
127	A	G	55	27	20	22	56	180	2536
127	A	T	8	17	37	17	85	164	2536
128	C	A	155	175	190	77	170	767	2537
128	C	G	26	35	27	22	46	156	2537
128	C	T	20	39	42	31	118	250	2537
129	C	A	51	41	43	23	58	216	2538
129	C	G	30	29	50	14	30	153	2538
129	C	T	20	48	32	21	60	181	2538
130	C	A	12	16	36	40	133	237	2539
130	C	G	34	15	27	25	39	140	2539
130	C	T	67	67	74	33	77	318	2539
131	T	A	26	65	22	8	14	135	2540
131	T	C	10	36	6	3	14	69	2540
131	T	G	4	50	4	25	13	96	2540
132	T	A	39	42	20	16	56	173	2541
132	T	C	39	75	35	28	49	226	2541
132	T	G	31	21	29	64	96	241	2541
133	A	C	94	66	19	10	30	219	2542
133	A	G	34	39	12	4	14	103	2542
133	A	T	31	36	6	10	19	102	2542
134	A	C	26	21	18	8	17	90	2543
134	A	G	13	28	14	8	35	98	2543
134	A	T	7	10	6	1	13	37	2543
135	A	C	26	34	20	7	28	115	2544
135	A	G	26	21	21	22	82	172	2544
135	A	T	15	37	8	17	22	99	2544
136	T	A	221	285	342	202	821	1871	2545
136	T	C	58	64	63	76	1214	1475	2545
136	T	G	69	43	39	56	370	577	2545
137	T	A	25	55	7	6	24	117	2546
137	T	C	27	78	24	12	16	157	2546
137	T	G	53	54	46	74	521	748	2546
138	T	A	71	65	76	89	1249	1550	2547
138	T	C	52	81	54	48	162	397	2547
138	T	G	67	79	111	99	1522	1878	2547
139	A	C	25	53	25	27	9	139	2548
139	A	G	33	79	37	33	91	273	2548
139	A	T	19	26	10	26	21	102	2548
140	T	A	52	85	47	6	15	205	2549
140	T	C	31	32	41	19	48	171	2549
140	T	G	60	46	31	14	45	196	2549
141	T	A	63	50	50	30	115	308	2550
141	T	C	36	24	72	30	107	269	2550
141	T	G	21	35	19	21	22	118	2550
142	T	A	55	97	35	13	30	230	2551
142	T	C	47	76	13	15	46	197	2551
142	T	G	45	30	17	57	44	193	2551
143	G	A	48	81	32	14	32	207	2552
143	G	C	13	30	18	8	24	93	2552
143	G	T	36	14	24	3	13	90	2552
144	C	A	67	32	18	31	28	176	2553
144	C	G	33	7	7	5	26	78	2553
144	C	T	32	57	71	24	95	279	2553
145	A	C	59	95	24	6	30	214	2554
145	A	G	18	52	22	4	14	110	2554
145	A	T	16	48	17	10	17	108	2554
146	C	A	33	49	38	54	41	215	2555
146	C	G	13	11	26	15	13	78	2555
146	C	T	19	51	50	21	21	162	2555
147	T	A	18	46	57	35	104	260	2556
147	T	C	66	58	49	39	111	323	2556
147	T	G	51	64	36	60	74	285	2556
148	A	C	57	38	9	9	27	140	2557
148	A	G	15	21	23	13	18	90	2557
148	A	T	27	86	49	41	58	261	2557
149	C	A	40	98	72	25	57	292	2558
149	C	G	40	15	29	19	33	136	2558
149	C	T	39	40	29	6	25	139	2558
150	T	A	26	91	45	47	66	275	2559
150	T	C	51	27	61	33	140	312	2559
150	T	G	23	22	39	18	46	148	2559
151	G	A	22	57	15	6	14	114	2560
151	G	C	40	98	43	12	30	223	2560
151	G	T	44	108	39	14	47	252	2560
152	G	A	21	46	21	19	36	143	2561
152	G	C	46	24	9	2	17	98	2561
152	G	T	29	65	8	8	23	133	2561
153	A	C	33	33	34	14	27	141	2562
153	A	G	23	30	67	27	108	255	2562
153	A	T	24	17	22	15	89	167	2562
154	A	C	49	41	89	44	127	350	2563
154	A	G	24	35	30	19	36	144	2563
154	A	T	70	50	16	6	28	170	2563
155	A	C	4	43	42	18	33	140	2564
155	A	G	20	48	31	19	82	200	2564
155	A	T	37	16	27	18	26	124	2564
156	A	C	57	34	30	40	52	213	2565
156	A	G	18	16	23	5	73	135	2565
156	A	T	14	45	24	10	41	134	2565
157	C	A	44	32	45	11	30	162	2566
157	C	G	5	16	19	10	26	76	2566
157	C	T	29	22	18	25	83	177	2566
158	T	A	60	38	10	10	20	138	2567
158	T	C	46	48	25	3	23	145	2567
158	T	G	27	32	15	53	19	146	2567
159	A	C	32	44	32	17	41	166	2568
159	A	G	24	43	61	31	73	232	2568
159	A	T	30	35	40	17	55	177	2568
160	C	A	31	39	11	10	10	101	2569
160	C	G	20	21	12	4	18	75	2569
160	C	T	5	23	11	5	9	53	2569
161	C	A	11	37	17	1	23	89	2570
161	C	G	21	28	11	8	11	79	2570
161	C	T	35	68	23	16	42	184	2570
162	T	A	57	32	33	8	43	173	2571
162	T	C	12	26	28	21	37	124	2571
162	T	G	13	17	9	13	67	119	2571
163	G	A	19	24	19	15	19	96	2572
163	G	C	14	10	4	4	28	60	2572
163	G	T	111	100	31	22	37	301	2572
164	T	A	11	10	4	5	12	42	2573
164	T	C	3	5	5	4	3	20	2573
164	T	G	23	25	2	53	14	117	2573
165	T	A	19	18	25	11	147	220	2574
165	T	C	3	56	32	8	30	129	2574
165	T	G	64	55	27	45	28	219	2574
166	C	A	21	13	5	8	25	72	2575
166	C	G	15	24	9	11	13	72	2575
166	C	T	11	55	12	13	12	103	2575
167	C	A	13	66	7	12	24	122	2576
167	C	G	14	32	2	7	2	57	2576
167	C	T	33	57	24	10	42	166	2576
168	A	C	18	43	25	12	92	190	2577
168	A	G	35	19	36	16	69	175	2577
168	A	T	84	65	100	53	99	401	2577
169	T	A	49	40	31	10	11	141	2578
169	T	C	23	7	9	2	5	46	2578
169	T	G	87	102	38	20	69	316	2578
170	G	A	42	102	35	19	34	232	2579
170	G	C	22	30	16	6	24	98	2579
170	G	T	22	34	10	5	41	112	2579
171	G	A	51	87	34	22	75	269	2580
171	G	C	9	18	6	2	23	58	2580
171	G	T	18	24	7	3	12	64	2580
172	C	A	96	87	30	7	57	277	2581
172	C	G	30	51	51	30	55	217	2581
172	C	T	33	99	83	26	69	310	2581
173	C	A	26	72	72	15	33	218	2582
173	C	G	28	27	15	8	42	120	2582
173	C	T	48	85	23	18	63	237	2582
174	A	C	28	50	53	32	56	219	2583
174	A	G	32	67	80	47	101	327	2583
174	A	T	38	59	33	36	68	234	2583
175	A	C	52	62	10	11	49	184	2584
175	A	G	31	56	13	20	17	137	2584
175	A	T	43	64	74	54	69	304	2584
176	C	A	32	33	17	9	41	132	2585
176	C	G	19	14	7	3	16	59	2585
176	C	T	42	41	31	11	46	171	2585
177	A	C	42	52	19	34	14	161	2586
177	A	G	35	51	38	33	129	286	2586
177	A	T	31	39	34	26	96	226	2586
178	C	A	49	62	17	18	37	183	2587
178	C	G	48	93	27	9	40	217	2587
178	C	T	285	512	225	107	280	1409	2587
179	T	A	29	46	21	11	33	140	2588
179	T	C	30	39	15	7	26	117	2588
179	T	G	21	65	17	6	39	148	2588
180	T	A	38	31	49	28	67	213	2589
180	T	C	82	20	56	18	45	221	2589
180	T	G	47	29	46	28	101	251	2589
181	G	A	86	80	15	10	72	263	2590
181	G	C	26	66	11	14	17	134	2590
181	G	T	322	596	157	84	360	1519	2590
182	T	A	44	28	8	9	26	115	2591
182	T	C	21	66	10	14	18	129	2591
182	T	G	18	100	6	46	26	196	2591
183	C	A	48	81	56	14	83	282	2592
183	C	G	61	33	52	24	135	305	2592
183	C	T	21	55	67	37	60	240	2592
184	A	C	42	33	5	3	62	145	2593
184	A	G	11	28	5	11	27	82	2593
184	A	T	24	16	27	7	15	89	2593
185	C	A	24	11	12	12	12	71	2594
185	C	G	76	81	58	18	58	291	2594
185	C	T	241	222	58	49	119	689	2594
186	T	A	32	7	6	6	7	58	2595
186	T	C	23	10	17	3	46	99	2595
186	T	G	41	21	11	39	23	135	2595
187	A	C	9	42	1	2	37	91	2596
187	A	G	29	11	12	5	8	65	2596
187	A	T	12	7	6	8	22	55	2596
188	C	A	30	47	8	9	39	133	2597
188	C	G	32	23	23	8	32	118	2597
188	C	T	86	131	58	11	48	334	2597
189	T	A	34	26	48	27	133	268	2598
189	T	C	12	4	6	3	12	37	2598
189	T	G	21	31	56	37	172	317	2598
190	T	A	38	41	44	25	102	250	2599
190	T	C	33	34	53	60	897	1077	2599
190	T	G	63	46	60	59	209	437	2599
191	T	A	49	63	19	4	16	151	2600
191	T	C	22	16	12	8	11	69	2600
191	T	G	38	23	42	69	224	396	2600
192	C	A	71	89	80	45	82	367	2601
192	C	G	45	58	67	66	1273	1509	2601
192	C	T	43	58	64	44	204	413	2601
193	G	A	31	63	21	11	24	150	2602
193	G	C	4	34	10	3	11	62	2602
193	G	T	13	19	24	26	144	226	2602
194	G	A	23	77	11	9	58	178	2603
194	G	C	35	24	31	27	76	193	2603
194	G	T	105	112	37	12	43	309	2603
195	T	A	42	93	48	21	35	239	2604
195	T	C	22	35	31	14	28	130	2604
195	T	G	34	45	49	69	140	337	2604
196	T	A	71	66	14	17	29	197	2605
196	T	C	21	61	10	11	34	137	2605
196	T	G	27	82	17	25	38	189	2605
197	A	C	28	43	13	6	31	121	2606
197	A	G	41	22	9	9	8	89	2606
197	A	T	57	74	22	10	28	191	2606
198	T	A	268	373	110	53	185	989	2607
198	T	C	22	27	31	19	112	211	2607
198	T	G	46	40	24	47	36	193	2607
199	G	A	57	44	7	6	20	134	2608
199	G	C	9	65	10	9	7	100	2608
199	G	T	47	24	21	10	29	131	2608
200	G	A	68	64	38	12	25	207	2609
200	G	C	22	48	6	5	43	124	2609
200	G	T	25	67	11	8	26	137	2609
201	T	A	39	70	48	82	226	465	2610
201	T	C	35	34	33	14	28	144	2610
201	T	G	26	52	28	44	130	280	2610
