pos	refnuc	querynuc	presort	low	low-med	med-high	high	total	vpos
1	G	A	130	277	105	76	85	673	118
1	G	C	169	241	90	104	73	677	118
1	G	T	171	280	102	110	137	800	118
2	A	C	114	268	102	101	115	700	119
2	A	G	116	129	89	106	147	587	119
2	A	T	108	190	69	91	112	570	119
3	G	A	139	160	69	78	79	525	120
3	G	C	170	517	189	153	161	1190	120
3	G	T	256	591	250	225	327	1649	120
4	A	C	65	132	51	49	57	354	121
4	A	G	42	42	14	21	24	143	121
4	A	T	64	114	55	44	43	320	121
5	C	A	99	159	97	74	99	528	122
5	C	G	72	74	43	47	59	295	122
5	C	T	82	105	35	56	46	324	122
6	G	A	93	178	65	77	61	474	123
6	G	C	66	135	54	37	61	353	123
6	G	T	83	139	35	32	50	339	123
7	G	A	67	107	46	35	34	289	124
7	G	C	80	67	41	35	43	266	124
7	G	T	38	44	24	18	34	158	124
8	T	A	71	102	40	55	63	331	125
8	T	C	100	207	91	78	100	576	125
8	T	G	92	345	185	208	264	1094	125
9	C	A	88	234	39	49	51	461	126
9	C	G	150	55	19	14	21	259	126
9	C	T	227	358	70	85	110	850	126
10	G	A	215	481	118	137	133	1084	127
10	G	C	206	318	112	95	125	856	127
10	G	T	237	379	153	192	143	1104	127
11	G	A	119	197	86	65	66	533	128
11	G	C	193	300	89	93	113	788	128
11	G	T	233	430	121	114	195	1093	128
12	G	A	126	270	145	109	134	784	129
12	G	C	163	284	125	112	128	812	129
12	G	T	140	302	123	110	134	809	129
13	T	A	102	46	23	15	13	199	130
13	T	C	147	272	118	116	122	775	130
13	T	G	92	157	67	40	71	427	130
14	C	A	74	197	60	63	65	459	131
14	C	G	114	249	93	72	102	630	131
14	C	T	188	288	101	109	131	817	131
15	C	A	119	201	72	79	78	549	132
15	C	G	105	146	77	48	55	431	132
15	C	T	123	219	83	74	135	634	132
16	A	C	75	69	34	45	47	270	133
16	A	G	35	109	52	52	60	308	133
16	A	T	32	109	41	51	34	267	133
17	T	A	311	288	129	133	109	970	134
17	T	C	67	105	28	15	35	250	134
17	T	G	78	81	27	37	31	254	134
18	C	A	53	37	14	15	10	129	135
18	C	G	72	117	36	29	36	290	135
18	C	T	86	215	68	72	99	540	135
19	T	A	53	110	42	35	42	282	136
19	T	C	367	437	216	185	264	1469	136
19	T	G	58	114	43	41	53	309	136
20	G	A	54	47	17	22	27	167	137
20	G	C	90	50	14	10	20	184	137
20	G	T	58	52	24	19	18	171	137
21	A	C	46	36	18	12	19	131	138
21	A	G	50	82	35	46	73	286	138
21	A	T	78	162	64	83	96	483	138
22	G	A	566	725	266	298	305	2160	139
22	G	C	235	225	97	101	120	778	139
22	G	T	250	245	115	109	122	841	139
23	A	C	119	180	94	79	70	542	140
23	A	G	48	64	32	14	21	179	140
23	A	T	90	131	62	48	64	395	140
24	C	A	79	155	91	77	83	485	141
24	C	G	85	125	75	80	88	453	141
24	C	T	208	321	116	154	165	964	141
25	G	A	106	150	57	58	51	422	142
25	G	C	153	232	68	74	86	613	142
25	G	T	229	253	107	80	89	758	142
26	G	A	116	117	34	45	44	356	143
26	G	C	114	269	113	89	98	683	143
26	G	T	101	108	36	40	59	344	143
27	T	A	139	161	83	78	113	574	144
27	T	C	79	145	86	82	83	475	144
27	T	G	77	104	39	57	75	352	144
28	C	A	159	84	24	34	26	327	145
28	C	G	134	43	11	21	11	220	145
28	C	T	222	187	57	53	56	575	145
29	G	A	245	333	85	121	114	898	146
29	G	C	214	370	115	113	137	949	146
29	G	T	293	589	232	253	290	1657	146
30	G	A	119	325	71	96	104	715	147
30	G	C	152	354	138	116	121	881	147
30	G	T	125	174	56	62	60	477	147
31	G	A	129	269	100	79	89	666	148
31	G	C	180	615	180	177	201	1353	148
31	G	T	143	281	115	104	122	765	148
32	T	A	55	54	19	11	19	158	149
32	T	C	120	189	67	44	62	482	149
32	T	G	136	117	61	59	75	448	149
33	C	A	93	202	83	75	94	547	150
33	C	G	145	316	116	115	136	828	150
33	C	T	139	204	91	97	62	593	150
34	C	A	79	80	31	23	22	235	151
34	C	G	47	87	34	36	35	239	151
34	C	T	54	63	14	33	7	171	151
35	A	C	63	102	40	46	37	288	152
35	A	G	81	125	56	56	58	376	152
35	A	T	35	34	17	24	23	133	152
36	G	A	281	186	50	46	51	614	153
36	G	C	62	81	40	28	26	237	153
36	G	T	80	50	16	17	25	188	153
37	A	C	62	68	16	13	19	178	154
37	A	G	46	65	21	33	59	224	154
37	A	T	52	58	14	19	27	170	154
38	T	A	97	85	42	40	35	299	155
38	T	C	108	146	54	55	58	421	155
38	T	G	42	62	19	28	43	194	155
39	A	C	52	126	59	63	60	360	156
39	A	G	50	95	27	27	36	235	156
39	A	T	56	62	23	36	58	235	156
40	T	A	26	63	29	16	20	154	157
40	T	C	100	160	68	77	94	499	157
40	T	G	31	58	25	20	35	169	157
41	T	A	34	72	32	25	31	194	158
41	T	C	82	110	30	57	66	345	158
41	T	G	59	51	31	22	31	194	158
42	C	A	15	16	4	8	13	56	159
42	C	G	20	17	8	4	4	53	159
42	C	T	34	37	18	30	23	142	159
43	G	A	41	50	22	32	31	176	160
43	G	C	40	47	24	25	18	154	160
43	G	T	59	89	41	51	57	297	160
44	T	A	29	38	24	12	28	131	161
44	T	C	56	45	26	31	21	179	161
44	T	G	29	36	7	9	8	89	161
45	A	C	23	32	13	10	20	98	162
45	A	G	31	26	16	11	17	101	162
45	A	T	34	53	26	24	30	167	162
46	T	A	43	72	21	24	28	188	163
46	T	C	74	95	33	26	37	265	163
46	T	G	13	12	3	6	3	37	163
47	C	A	21	22	2	6	3	54	164
47	C	G	29	11	3	3	6	52	164
47	C	T	32	38	9	12	14	105	164
48	T	A	35	20	6	11	7	79	165
48	T	C	74	72	36	30	51	263	165
48	T	G	37	56	12	11	14	130	165
49	G	A	22	33	8	9	11	83	166
49	G	C	27	27	6	11	14	85	166
49	G	T	87	57	25	22	29	220	166
50	T	A	81	81	46	46	43	297	167
50	T	C	47	56	17	34	28	182	167
50	T	G	39	70	34	26	29	198	167
51	C	A	25	21	10	13	6	75	168
51	C	G	28	39	23	17	20	127	168
51	C	T	54	123	37	37	54	305	168
52	G	A	46	36	20	13	7	122	169
52	G	C	35	78	35	26	23	197	169
52	G	T	51	51	31	16	19	168	169
53	A	C	112	161	81	73	113	540	170
53	A	G	52	39	25	12	21	149	170
53	A	T	58	23	10	7	8	106	170
54	G	A	44	53	19	18	13	147	171
54	G	C	52	156	48	42	54	352	171
54	G	T	62	177	48	50	57	394	171
55	T	A	69	93	23	28	37	250	172
55	T	C	48	100	34	29	31	242	172
55	T	G	61	40	21	17	16	155	172
56	A	C	152	382	193	155	207	1089	173
56	A	G	65	71	54	48	51	289	173
56	A	T	64	109	53	66	80	372	173
57	G	A	48	55	11	20	19	153	174
57	G	C	69	93	40	32	24	258	174
57	G	T	65	53	15	9	35	177	174
58	A	C	157	161	96	91	91	596	175
58	A	G	102	162	70	63	79	476	175
58	A	T	89	101	50	61	45	346	175
59	G	A	93	56	26	35	24	234	176
59	G	C	57	188	64	65	69	443	176
59	G	T	250	618	228	236	270	1602	176
60	T	A	73	154	76	66	94	463	177
60	T	C	48	69	34	31	25	207	177
60	T	G	55	60	32	32	48	227	177
61	G	A	120	172	49	66	68	475	178
61	G	C	64	81	42	40	51	278	178
61	G	T	369	644	267	242	259	1781	178
62	T	A	51	55	25	30	40	201	179
62	T	C	87	96	56	46	58	343	179
62	T	G	41	24	15	17	9	106	179
63	G	A	74	125	54	25	34	312	180
63	G	C	166	303	109	98	162	838	180
63	G	T	150	287	75	75	90	677	180
64	G	A	106	143	70	51	83	453	181
64	G	C	181	243	86	99	108	717	181
64	G	T	150	205	60	111	104	630	181
65	G	A	135	221	129	125	126	736	182
65	G	C	91	141	64	57	54	407	182
65	G	T	100	227	81	86	77	571	182
66	C	A	157	96	39	40	54	386	183
66	C	G	228	46	21	16	19	330	183
66	C	T	240	214	79	77	108	718	183
67	T	A	35	47	9	11	15	117	184
67	T	C	28	45	11	10	14	108	184
67	T	G	28	33	15	14	11	101	184
68	C	A	80	107	36	41	47	311	185
68	C	G	72	76	37	45	40	270	185
68	C	T	75	83	37	43	62	300	185
69	A	C	59	66	29	23	24	201	186
69	A	G	44	77	35	26	48	230	186
69	A	T	100	191	84	89	128	592	186
70	G	A	86	123	69	48	47	373	187
70	G	C	39	118	22	20	17	216	187
70	G	T	136	120	54	51	35	396	187
71	A	C	131	106	49	27	31	344	188
71	A	G	56	108	30	65	79	338	188
71	A	T	152	325	130	283	145	1035	188
72	T	A	45	46	17	18	14	140	189
72	T	C	27	47	31	17	29	151	189
72	T	G	170	293	178	101	114	856	189
73	G	A	88	163	64	63	52	430	190
73	G	C	51	80	41	16	35	223	190
73	G	T	256	417	201	124	283	1281	190
74	T	A	38	76	44	36	46	240	191
74	T	C	26	44	21	28	45	164	191
74	T	G	116	89	41	136	49	431	191
75	C	A	37	57	32	34	34	194	192
75	C	G	74	84	88	69	65	380	192
75	C	T	48	190	48	67	94	447	192
76	G	A	94	126	40	67	77	404	193
76	G	C	70	43	19	29	26	187	193
76	G	T	43	57	20	30	47	197	193
77	A	C	59	40	28	28	24	179	194
77	A	G	33	47	35	38	63	216	194
77	A	T	58	43	20	19	34	174	194
78	G	A	160	198	61	90	64	573	195
78	G	C	57	171	58	63	56	405	195
78	G	T	297	579	218	196	235	1525	195
79	T	A	62	117	42	34	43	298	196
79	T	C	104	128	56	54	44	386	196
79	T	G	46	41	12	8	26	133	196
80	A	C	103	133	69	57	65	427	197
80	A	G	116	89	80	64	90	439	197
80	A	T	66	72	50	53	45	286	197
81	G	A	205	295	110	100	121	831	198
81	G	C	127	190	99	59	84	559	198
81	G	T	129	199	87	89	70	574	198
82	A	C	162	158	79	98	125	622	199
82	A	G	53	71	54	35	51	264	199
82	A	T	66	80	29	31	33	239	199
83	G	A	230	285	114	126	109	864	200
83	G	C	58	100	51	23	61	293	200
83	G	T	823	1517	627	646	626	4239	200
84	T	A	112	200	107	112	134	665	201
84	T	C	75	142	52	74	64	407	201
84	T	G	46	73	36	41	51	247	201
85	G	A	153	361	93	141	113	861	202
85	G	C	73	141	44	44	56	358	202
85	G	T	950	2014	655	585	683	4887	202
86	T	A	58	71	49	46	40	264	203
86	T	C	92	116	64	71	82	425	203
86	T	G	25	29	3	8	5	70	203
87	G	A	66	152	40	55	49	362	204
87	G	C	56	196	56	51	51	410	204
87	G	T	175	632	171	139	160	1277	204
88	G	A	59	111	40	36	61	307	205
88	G	C	86	171	71	64	57	449	205
88	G	T	135	352	141	119	104	851	205
89	G	A	82	144	60	67	87	440	206
89	G	C	58	141	57	46	70	372	206
89	G	T	115	244	72	112	121	664	206
90	C	A	65	193	48	108	102	516	207
90	C	G	35	15	10	12	11	83	207
90	C	T	52	81	39	62	60	294	207
91	T	A	57	92	37	32	57	275	208
91	T	C	21	42	5	14	18	100	208
91	T	G	71	153	151	101	146	622	208
92	C	A	54	66	37	37	39	233	209
92	C	G	115	151	80	131	129	606	209
92	C	T	44	41	36	26	35	182	209
93	C	A	40	59	17	10	10	136	210
93	C	G	124	130	61	81	57	453	210
93	C	T	44	90	29	37	37	237	210
94	C	A	55	45	33	39	50	222	211
94	C	G	36	24	18	16	12	106	211
94	C	T	99	154	83	78	134	548	211
95	A	C	46	78	41	31	25	221	212
95	A	G	54	87	42	29	51	263	212
95	A	T	234	255	256	279	397	1421	212
96	C	A	34	58	28	28	45	193	213
96	C	G	26	49	19	35	38	167	213
96	C	T	35	64	35	31	40	205	213
97	A	C	50	32	33	27	30	172	214
97	A	G	18	31	24	11	22	106	214
97	A	T	14	16	7	4	10	51	214
98	T	A	76	77	37	29	32	251	215
98	T	C	27	65	29	33	50	204	215
98	T	G	15	16	14	4	6	55	215
99	A	C	6	5	11	4	9	35	216
99	A	G	9	11	4	4	4	32	216
99	A	T	0	1	2	1	2	6	216
100	C	A	2	4	2	1	2	11	217
100	C	G	0	1	0	0	1	2	217
100	C	T	3	3	2	7	13	28	217
101	T	A	1	5	0	1	2	9	218
101	T	C	5	10	3	1	7	26	218
101	T	G	12	39	17	30	18	116	218
102	C	A	4	4	8	5	2	23	219
102	C	G	4	22	5	7	16	54	219
102	C	T	25	45	25	32	34	161	219
103	T	A	24	44	33	26	37	164	220
103	T	C	22	47	19	18	19	125	220
103	T	G	110	148	46	63	55	422	220
104	G	A	44	39	27	37	25	172	221
104	G	C	53	87	31	41	35	247	221
104	G	T	123	160	74	113	144	614	221
105	A	C	79	136	44	42	43	344	222
105	A	G	86	91	48	38	58	321	222
105	A	T	354	812	294	295	363	2118	222
106	T	A	34	75	40	23	21	193	223
106	T	C	51	91	32	30	42	246	223
106	T	G	28	36	19	16	18	117	223
107	G	A	52	92	50	40	54	288	224
107	G	C	71	140	44	49	61	365	224
107	G	T	64	118	51	42	63	338	224
108	A	C	20	19	11	15	17	82	225
108	A	G	63	100	55	71	82	371	225
108	A	T	120	196	146	141	176	779	225
109	T	A	49	40	27	30	18	164	226
109	T	C	32	49	9	10	16	116	226
109	T	G	237	422	207	321	319	1506	226
110	C	A	41	68	21	14	23	167	227
110	C	G	18	34	13	15	21	101	227
110	C	T	63	93	56	39	58	309	227
111	C	A	72	81	42	33	50	278	228
111	C	G	116	197	107	151	150	721	228
111	C	T	34	42	30	31	32	169	228
112	A	C	27	31	14	14	15	101	229
112	A	G	69	54	25	32	31	211	229
112	A	T	68	73	21	32	37	231	229
113	G	A	83	213	62	74	63	495	230
113	G	C	175	314	135	122	160	906	230
113	G	T	133	394	135	121	174	957	230
114	A	C	40	86	20	15	42	203	231
114	A	G	47	51	19	21	28	166	231
114	A	T	65	98	46	48	46	303	231
115	C	A	182	314	155	130	169	950	232
115	C	G	195	281	141	182	249	1048	232
115	C	T	200	306	145	167	204	1022	232
116	G	A	174	267	93	112	127	773	233
116	G	C	43	81	24	26	19	193	233
116	G	T	208	311	108	82	120	829	233
117	G	A	118	142	76	63	53	452	234
117	G	C	55	102	53	39	62	311	234
117	G	T	68	157	31	50	45	351	234
118	T	A	178	236	109	96	133	752	235
118	T	C	50	89	55	54	51	299	235
118	T	G	119	803	256	313	394	1885	235
119	C	A	262	263	93	128	107	853	236
119	C	G	238	62	36	32	38	406	236
119	C	T	435	658	230	192	264	1779	236
120	G	A	229	494	165	141	163	1192	237
120	G	C	171	307	111	99	135	823	237
120	G	T	272	537	189	189	209	1396	237
121	G	A	221	531	190	165	148	1255	238
121	G	C	106	245	88	87	88	614	238
121	G	T	193	327	112	128	126	886	238
122	G	A	134	220	83	93	112	642	239
122	G	C	60	95	51	57	46	309	239
122	G	T	131	205	85	113	97	631	239
123	T	A	55	18	13	7	14	107	240
123	T	C	30	48	20	24	22	144	240
123	T	G	70	133	61	36	84	384	240
124	C	A	137	239	84	85	86	631	241
124	C	G	167	341	140	136	156	940	241
124	C	T	249	439	180	140	170	1178	241
125	C	A	193	317	168	125	148	951	242
125	C	G	121	243	113	112	98	687	242
125	C	T	159	308	160	136	141	904	242
126	A	C	42	49	14	12	24	141	243
126	A	G	35	44	24	17	22	142	243
126	A	T	64	137	54	48	38	341	243
127	T	A	127	134	46	42	60	409	244
127	T	C	53	82	34	25	32	226	244
127	T	G	156	148	67	67	66	504	244
128	C	A	167	126	47	30	47	417	245
128	C	G	225	165	75	88	72	625	245
128	C	T	279	242	121	165	205	1012	245
129	T	A	85	125	56	60	63	389	246
129	T	C	62	65	38	41	44	250	246
129	T	G	102	136	42	59	60	399	246
130	G	A	82	60	24	27	30	223	247
130	G	C	105	70	29	18	45	267	247
130	G	T	116	119	48	45	43	371	247
131	A	C	74	55	25	14	18	186	248
131	A	G	42	86	44	47	53	272	248
131	A	T	31	68	26	27	27	179	248
132	G	A	763	846	334	324	401	2668	249
132	G	C	229	203	71	76	109	688	249
132	G	T	206	219	79	109	107	720	249
133	A	C	73	113	52	40	56	334	250
133	A	G	85	94	37	31	19	266	250
133	A	T	78	154	59	53	62	406	250
134	C	A	215	364	181	174	174	1108	251
134	C	G	185	305	170	147	218	1025	251
134	C	T	347	470	207	208	234	1466	251
135	G	A	259	283	89	89	92	812	252
135	G	C	33	42	14	22	25	136	252
135	G	T	171	238	79	87	92	667	252
136	G	A	171	173	77	57	90	568	253
136	G	C	100	216	91	93	82	582	253
136	G	T	83	153	63	30	67	396	253
137	T	A	137	275	135	139	178	864	254
137	T	C	91	184	112	123	105	615	254
137	T	G	156	194	109	146	179	784	254
138	C	A	236	153	39	41	68	537	255
138	C	G	286	44	25	24	42	421	255
138	C	T	449	422	114	136	146	1267	255
139	G	A	303	342	119	99	122	985	256
139	G	C	229	336	85	93	105	848	256
139	G	T	326	672	246	267	254	1765	256
140	G	A	280	567	193	214	258	1512	257
140	G	C	86	156	50	53	74	419	257
140	G	T	203	215	88	97	69	672	257
141	G	A	214	359	131	140	160	1004	258
141	G	C	145	378	160	154	168	1005	258
141	G	T	140	312	90	118	147	807	258
142	T	A	132	67	29	34	39	301	259
142	T	C	97	209	87	63	96	552	259
142	T	G	112	201	90	63	78	544	259
143	C	A	238	430	140	145	170	1123	260
143	C	G	178	403	154	140	164	1039	260
143	C	T	123	159	93	73	78	526	260
144	C	A	12	8	3	1	7	31	261
144	C	G	3	1	7	2	2	15	261
144	C	T	6	6	3	0	7	22	261
145	A	C	0	12	0	4	10	26	262
145	A	G	9	13	4	4	13	43	262
145	A	T	2	5	2	4	8	21	262
146	G	A	6	4	2	2	2	16	263
146	G	C	5	2	2	0	2	11	263
146	G	T	8	4	3	0	2	17	263
147	A	C	3	2	0	0	2	7	264
147	A	G	6	37	3	7	6	59	264
147	A	T	1	0	0	0	3	4	264
148	T	A	8	5	5	4	1	23	265
148	T	C	13	6	4	4	5	32	265
148	T	G	4	7	2	3	6	22	265
149	A	C	54	86	50	61	55	306	266
149	A	G	4	14	8	10	3	39	266
149	A	T	13	7	9	8	4	41	266
150	T	A	63	71	54	43	52	283	267
150	T	C	41	49	20	19	15	144	267
150	T	G	82	94	47	45	89	357	267
151	T	A	65	92	51	54	72	334	268
151	T	C	71	97	59	58	81	366	268
151	T	G	92	77	48	49	61	327	268
152	C	A	45	47	26	31	35	184	269
152	C	G	57	68	23	46	29	223	269
152	C	T	52	74	40	55	56	277	269
153	G	A	49	64	33	31	53	230	270
153	G	C	13	41	29	20	36	139	270
153	G	T	73	128	72	62	69	404	270
154	T	A	19	16	13	7	4	59	271
154	T	C	26	37	12	22	18	115	271
154	T	G	19	34	11	17	14	95	271
155	A	C	6	0	1	2	0	9	272
155	A	G	2	5	2	7	3	19	272
155	A	T	1	2	3	7	3	16	272
156	T	A	5	7	0	0	0	12	273
156	T	C	13	17	9	6	13	58	273
156	T	G	24	27	15	12	22	100	273
157	C	A	2	3	0	5	4	14	274
157	C	G	4	0	0	1	0	5	274
157	C	T	5	0	2	1	2	10	274
158	T	A	0	4	2	3	4	13	275
158	T	C	10	8	5	5	8	36	275
158	T	G	14	20	13	13	9	69	275
159	G	A	8	4	0	4	0	16	276
159	G	C	4	1	0	0	0	5	276
159	G	T	12	16	10	8	8	54	276
160	T	A	37	51	22	21	18	149	277
160	T	C	55	62	21	21	30	189	277
160	T	G	23	49	11	17	27	127	277
161	C	A	111	195	87	100	107	600	278
161	C	G	115	294	133	108	124	774	278
161	C	T	78	194	103	100	103	578	278
162	G	A	145	143	89	78	59	514	279
162	G	C	110	158	64	55	71	458	279
162	G	T	91	116	61	41	58	367	279
163	A	C	95	68	17	38	42	260	280
163	A	G	108	128	74	67	73	450	280
163	A	T	152	75	32	25	27	311	280
164	G	A	170	110	36	28	36	380	281
164	G	C	128	269	102	127	121	747	281
164	G	T	155	309	97	87	120	768	281
165	T	A	87	160	45	42	58	392	282
165	T	C	66	83	51	40	54	294	282
165	T	G	112	60	31	44	35	282	282
166	A	C	143	256	106	108	108	721	283
166	A	G	142	182	99	103	166	692	283
166	A	T	195	246	140	206	239	1026	283
167	G	A	186	150	55	77	62	530	284
167	G	C	134	139	60	54	56	443	284
167	G	T	83	77	16	30	28	234	284
168	A	C	126	153	59	59	81	478	285
168	A	G	114	264	88	91	146	703	285
168	A	T	168	220	76	75	83	622	285
169	G	A	213	201	68	63	97	642	286
169	G	C	34	68	24	44	46	216	286
169	G	T	167	382	150	108	107	914	286
170	T	A	150	241	151	147	162	851	287
170	T	C	38	103	40	22	47	250	287
170	T	G	153	179	114	67	95	608	287
171	G	A	203	236	88	104	117	748	288
171	G	C	150	166	53	61	85	515	288
171	G	T	241	407	144	143	168	1103	288
172	T	A	64	79	28	35	29	235	289
172	T	C	148	219	76	75	101	619	289
172	T	G	165	167	56	69	66	523	289
173	G	A	253	335	112	109	105	914	290
173	G	C	182	333	102	106	136	859	290
173	G	T	188	337	102	119	78	824	290
174	G	A	425	600	315	311	394	2045	291
174	G	C	221	306	122	99	101	849	291
174	G	T	155	306	153	113	115	842	291
175	G	A	350	545	212	230	281	1618	292
175	G	C	141	255	88	83	98	665	292
175	G	T	203	400	174	156	153	1086	292
176	C	A	236	112	69	70	64	551	293
176	C	G	350	101	49	45	61	606	293
176	C	T	245	265	126	151	155	942	293
177	T	A	90	100	35	19	39	283	294
177	T	C	56	50	23	24	24	177	294
177	T	G	83	67	32	38	39	259	294
178	C	A	115	104	56	42	47	364	295
178	C	G	162	112	71	59	71	475	295
178	C	T	138	141	79	71	108	537	295
179	A	C	49	43	19	14	12	137	296
179	A	G	81	105	40	58	58	342	296
179	A	T	26	45	10	18	16	115	296
180	G	A	167	152	56	59	47	481	297
180	G	C	58	138	41	29	48	314	297
180	G	T	58	142	37	26	50	313	297
181	A	C	68	61	16	16	30	191	298
181	A	G	104	151	87	69	90	501	298
181	A	T	86	125	59	63	71	404	298
182	T	A	48	70	18	14	39	189	299
182	T	C	52	69	28	15	34	198	299
182	T	G	99	166	81	71	64	481	299
183	G	A	198	281	142	92	130	843	300
183	G	C	103	136	55	41	31	366	300
183	G	T	176	212	88	86	117	679	300
184	T	A	71	134	62	61	76	404	301
184	T	C	101	161	59	80	86	487	301
184	T	G	169	263	111	120	100	763	301
185	C	A	236	432	205	229	239	1341	302
185	C	G	188	319	152	127	158	944	302
185	C	T	120	251	118	125	119	733	302
186	G	A	214	284	163	154	150	965	303
186	G	C	178	155	92	107	64	596	303
186	G	T	117	148	64	79	72	480	303
187	A	C	111	94	40	51	52	348	304
187	A	G	140	164	82	112	66	564	304
187	A	T	101	105	33	38	36	313	304
188	G	A	226	385	136	150	158	1055	305
188	G	C	95	145	66	57	84	447	305
188	G	T	155	315	97	104	128	799	305
189	T	A	103	166	90	66	107	532	306
189	T	C	75	132	38	58	60	363	306
189	T	G	123	85	38	24	39	309	306
190	A	C	108	131	52	72	84	447	307
190	A	G	110	87	62	67	91	417	307
190	A	T	92	96	67	63	94	412	307
191	G	A	211	296	129	93	114	843	308
191	G	C	112	176	87	72	88	535	308
191	G	T	37	62	39	16	42	196	308
192	A	C	68	94	46	45	64	317	309
192	A	G	75	87	46	51	51	310	309
192	A	T	82	90	71	49	76	368	309
193	G	A	134	212	72	85	107	610	310
193	G	C	136	260	105	135	140	776	310
193	G	T	117	253	92	107	97	666	310
194	T	A	149	238	158	163	185	893	311
194	T	C	108	209	117	71	122	627	311
194	T	G	97	86	47	37	53	320	311
195	G	A	270	474	180	191	226	1341	312
195	G	C	292	550	244	218	284	1588	312
195	G	T	271	497	193	218	198	1377	312
196	T	A	116	133	84	66	96	495	313
196	T	C	227	349	161	159	201	1097	313
196	T	G	130	112	56	61	54	413	313
197	G	A	364	825	298	255	241	1983	314
197	G	C	296	593	291	252	274	1706	314
197	G	T	348	1092	270	239	341	2290	314
198	G	A	504	919	427	373	449	2672	315
198	G	C	443	759	373	306	342	2223	315
198	G	T	397	914	480	328	387	2506	315
199	G	A	387	723	361	353	395	2219	316
199	G	C	293	458	192	197	205	1345	316
199	G	T	185	479	208	206	210	1288	316
200	C	A	388	495	209	191	189	1472	317
200	C	G	230	128	53	53	72	536	317
200	C	T	475	659	319	367	380	2200	317
201	T	A	279	456	189	244	275	1443	318
201	T	C	125	233	127	104	125	714	318
201	T	G	161	238	118	110	143	770	318
